"tree","inference_model","inference_model_weight","site_model","clock_model","tree_prior","error_1","error_2","error_3","error_4","error_5","error_6","error_7","error_8","error_9","error_10","error_11","error_12","error_13","error_14","error_15","error_16","error_17","error_18","error_19","error_20","error_21","error_22","error_23","error_24","error_25","error_26","error_27","error_28","error_29","error_30","error_31","error_32","error_33","error_34","error_35","error_36","error_37","error_38","error_39","error_40","error_41","error_42","error_43","error_44","error_45","error_46","error_47","error_48","error_49","error_50","error_51","error_52","error_53","error_54","error_55","error_56","error_57","error_58","error_59","error_60","error_61","error_62","error_63","error_64","error_65","error_66","error_67","error_68","error_69","error_70","error_71","error_72","error_73","error_74","error_75","error_76","error_77","error_78","error_79","error_80","error_81","error_82","error_83","error_84","error_85","error_86","error_87","error_88","error_89","error_90","error_91","error_92","error_93","error_94","error_95","error_96","error_97","error_98","error_99","error_100","error_101","error_102","error_103","error_104","error_105","error_106","error_107","error_108","error_109","error_110","error_111","error_112","error_113","error_114","error_115","error_116","error_117","error_118","error_119","error_120","error_121","error_122","error_123","error_124","error_125","error_126","error_127","error_128","error_129","error_130","error_131","error_132","error_133","error_134","error_135","error_136","error_137","error_138","error_139","error_140","error_141","error_142","error_143","error_144","error_145","error_146","error_147","error_148","error_149","error_150","error_151","error_152","error_153","error_154","error_155","error_156","error_157","error_158","error_159","error_160","error_161","error_162","error_163","error_164","error_165","error_166","error_167","error_168","error_169","error_170","error_171","error_172","error_173","error_174","error_175","error_176","error_177","error_178","error_179","error_180","error_181","error_182","error_183","error_184","error_185","error_186","error_187","error_188","error_189","error_190","error_191","error_192","error_193","error_194","error_195","error_196","error_197","error_198","error_199","error_200","error_201","error_202","error_203","error_204","error_205","error_206","error_207","error_208","error_209","error_210","error_211","error_212","error_213","error_214","error_215","error_216","error_217","error_218","error_219","error_220","error_221","error_222","error_223","error_224","error_225","error_226","error_227","error_228","error_229","error_230","error_231","error_232","error_233","error_234","error_235","error_236","error_237","error_238","error_239","error_240","error_241","error_242","error_243","error_244","error_245","error_246","error_247","error_248","error_249","error_250","error_251","error_252","error_253","error_254","error_255","error_256","error_257","error_258","error_259","error_260","error_261","error_262","error_263","error_264","error_265","error_266","error_267","error_268","error_269","error_270","error_271","error_272","error_273","error_274","error_275","error_276","error_277","error_278","error_279","error_280","error_281","error_282","error_283","error_284","error_285","error_286","error_287","error_288","error_289","error_290","error_291","error_292","error_293","error_294","error_295","error_296","error_297","error_298","error_299","error_300","error_301","error_302","error_303","error_304","error_305","error_306","error_307","error_308","error_309","error_310","error_311","error_312","error_313","error_314","error_315","error_316","error_317","error_318","error_319","error_320","error_321","error_322","error_323","error_324","error_325","error_326","error_327","error_328","error_329","error_330","error_331","error_332","error_333","error_334","error_335","error_336","error_337","error_338","error_339","error_340","error_341","error_342","error_343","error_344","error_345","error_346","error_347","error_348","error_349","error_350","error_351","error_352","error_353","error_354","error_355","error_356","error_357","error_358","error_359","error_360","error_361","error_362","error_363","error_364","error_365","error_366","error_367","error_368","error_369","error_370","error_371","error_372","error_373","error_374","error_375","error_376","error_377","error_378","error_379","error_380","error_381","error_382","error_383","error_384","error_385","error_386","error_387","error_388","error_389","error_390","error_391","error_392","error_393","error_394","error_395","error_396","error_397","error_398","error_399","error_400","error_401","error_402","error_403","error_404","error_405","error_406","error_407","error_408","error_409","error_410","error_411","error_412","error_413","error_414","error_415","error_416","error_417","error_418","error_419","error_420","error_421","error_422","error_423","error_424","error_425","error_426","error_427","error_428","error_429","error_430","error_431","error_432","error_433","error_434","error_435","error_436","error_437","error_438","error_439","error_440","error_441","error_442","error_443","error_444","error_445","error_446","error_447","error_448","error_449","error_450","error_451","error_452","error_453","error_454","error_455","error_456","error_457","error_458","error_459","error_460","error_461","error_462","error_463","error_464","error_465","error_466","error_467","error_468","error_469","error_470","error_471","error_472","error_473","error_474","error_475","error_476","error_477","error_478","error_479","error_480","error_481","error_482","error_483","error_484","error_485","error_486","error_487","error_488","error_489","error_490","error_491","error_492","error_493","error_494","error_495","error_496","error_497","error_498","error_499","error_500","error_501","error_502","error_503","error_504","error_505","error_506","error_507","error_508","error_509","error_510","error_511","error_512","error_513","error_514","error_515","error_516","error_517","error_518","error_519","error_520","error_521","error_522","error_523","error_524","error_525","error_526","error_527","error_528","error_529","error_530","error_531","error_532","error_533","error_534","error_535","error_536","error_537","error_538","error_539","error_540","error_541","error_542","error_543","error_544","error_545","error_546","error_547","error_548","error_549","error_550","error_551","error_552","error_553","error_554","error_555","error_556","error_557","error_558","error_559","error_560","error_561","error_562","error_563","error_564","error_565","error_566","error_567","error_568","error_569","error_570","error_571","error_572","error_573","error_574","error_575","error_576","error_577","error_578","error_579","error_580","error_581","error_582","error_583","error_584","error_585","error_586","error_587","error_588","error_589","error_590","error_591","error_592","error_593","error_594","error_595","error_596","error_597","error_598","error_599","error_600","error_601","error_602","error_603","error_604","error_605","error_606","error_607","error_608","error_609","error_610","error_611","error_612","error_613","error_614","error_615","error_616","error_617","error_618","error_619","error_620","error_621","error_622","error_623","error_624","error_625","error_626","error_627","error_628","error_629","error_630","error_631","error_632","error_633","error_634","error_635","error_636","error_637","error_638","error_639","error_640","error_641","error_642","error_643","error_644","error_645","error_646","error_647","error_648","error_649","error_650","error_651","error_652","error_653","error_654","error_655","error_656","error_657","error_658","error_659","error_660","error_661","error_662","error_663","error_664","error_665","error_666","error_667","error_668","error_669","error_670","error_671","error_672","error_673","error_674","error_675","error_676","error_677","error_678","error_679","error_680","error_681","error_682","error_683","error_684","error_685","error_686","error_687","error_688","error_689","error_690","error_691","error_692","error_693","error_694","error_695","error_696","error_697","error_698","error_699","error_700","error_701","error_702","error_703","error_704","error_705","error_706","error_707","error_708","error_709","error_710","error_711","error_712","error_713","error_714","error_715","error_716","error_717","error_718","error_719","error_720","error_721","error_722","error_723","error_724","error_725","error_726","error_727","error_728","error_729","error_730","error_731","error_732","error_733","error_734","error_735","error_736","error_737","error_738","error_739","error_740","error_741","error_742","error_743","error_744","error_745","error_746","error_747","error_748","error_749","error_750","error_751","error_752","error_753","error_754","error_755","error_756","error_757","error_758","error_759","error_760","error_761","error_762","error_763","error_764","error_765","error_766","error_767","error_768","error_769","error_770","error_771","error_772","error_773","error_774","error_775","error_776","error_777","error_778","error_779","error_780","error_781","error_782","error_783","error_784","error_785","error_786","error_787","error_788","error_789","error_790","error_791","error_792","error_793","error_794","error_795","error_796","error_797","error_798","error_799","error_800","error_801","error_802","error_803","error_804","error_805","error_806","error_807","error_808","error_809","error_810","error_811","error_812","error_813","error_814","error_815","error_816","error_817","error_818","error_819","error_820","error_821","error_822","error_823","error_824","error_825","error_826","error_827","error_828","error_829","error_830","error_831","error_832","error_833","error_834","error_835","error_836","error_837","error_838","error_839","error_840","error_841","error_842","error_843","error_844","error_845","error_846","error_847","error_848","error_849","error_850","error_851","error_852","error_853","error_854","error_855","error_856","error_857","error_858","error_859","error_860","error_861","error_862","error_863","error_864","error_865","error_866","error_867","error_868","error_869","error_870","error_871","error_872","error_873","error_874","error_875","error_876","error_877","error_878","error_879","error_880","error_881","error_882","error_883","error_884","error_885","error_886","error_887","error_888","error_889","error_890","error_891","error_892","error_893","error_894","error_895","error_896","error_897","error_898","error_899","error_900","error_901","error_902","error_903","error_904","error_905","error_906","error_907","error_908","error_909","error_910","error_911","error_912","error_913","error_914","error_915","error_916","error_917","error_918","error_919","error_920","error_921","error_922","error_923","error_924","error_925","error_926","error_927","error_928","error_929","error_930","error_931","error_932","error_933","error_934","error_935","error_936","error_937","error_938","error_939","error_940","error_941","error_942","error_943","error_944","error_945","error_946","error_947","error_948","error_949","error_950","error_951","error_952","error_953","error_954","error_955","error_956","error_957","error_958","error_959","error_960","error_961","error_962","error_963","error_964","error_965","error_966","error_967","error_968","error_969","error_970","error_971","error_972","error_973","error_974","error_975","error_976","error_977","error_978","error_979","error_980","error_981","error_982","error_983","error_984","error_985","error_986","error_987","error_988","error_989","error_990","error_991","error_992","error_993","error_994","error_995","error_996","error_997","error_998","error_999","error_1000","error_1001","error_1002","error_1003","error_1004","error_1005","error_1006","error_1007","error_1008","error_1009","error_1010","error_1011","error_1012","error_1013","error_1014","error_1015","error_1016","error_1017","error_1018","error_1019","error_1020","error_1021","error_1022","error_1023","error_1024","error_1025","error_1026","error_1027","error_1028","error_1029","error_1030","error_1031","error_1032","error_1033","error_1034","error_1035","error_1036","error_1037","error_1038","error_1039","error_1040","error_1041","error_1042","error_1043","error_1044","error_1045","error_1046","error_1047","error_1048","error_1049","error_1050","error_1051","error_1052","error_1053","error_1054","error_1055","error_1056","error_1057","error_1058","error_1059","error_1060","error_1061","error_1062","error_1063","error_1064","error_1065","error_1066","error_1067","error_1068","error_1069","error_1070","error_1071","error_1072","error_1073","error_1074","error_1075","error_1076","error_1077","error_1078","error_1079","error_1080","error_1081","error_1082","error_1083","error_1084","error_1085","error_1086","error_1087","error_1088","error_1089","error_1090","error_1091","error_1092","error_1093","error_1094","error_1095","error_1096","error_1097","error_1098","error_1099","error_1100","error_1101","error_1102","error_1103","error_1104","error_1105","error_1106","error_1107","error_1108","error_1109","error_1110","error_1111","error_1112","error_1113","error_1114","error_1115","error_1116","error_1117","error_1118","error_1119","error_1120","error_1121","error_1122","error_1123","error_1124","error_1125","error_1126","error_1127","error_1128","error_1129","error_1130","error_1131","error_1132","error_1133","error_1134","error_1135","error_1136","error_1137","error_1138","error_1139","error_1140","error_1141","error_1142","error_1143","error_1144","error_1145","error_1146","error_1147","error_1148","error_1149","error_1150","error_1151","error_1152","error_1153","error_1154","error_1155","error_1156","error_1157","error_1158","error_1159","error_1160","error_1161","error_1162","error_1163","error_1164","error_1165","error_1166","error_1167","error_1168","error_1169","error_1170","error_1171","error_1172","error_1173","error_1174","error_1175","error_1176","error_1177","error_1178","error_1179","error_1180","error_1181","error_1182","error_1183","error_1184","error_1185","error_1186","error_1187","error_1188","error_1189","error_1190","error_1191","error_1192","error_1193","error_1194","error_1195","error_1196","error_1197","error_1198","error_1199","error_1200","error_1201","error_1202","error_1203","error_1204","error_1205","error_1206","error_1207","error_1208","error_1209","error_1210","error_1211","error_1212","error_1213","error_1214","error_1215","error_1216","error_1217","error_1218","error_1219","error_1220","error_1221","error_1222","error_1223","error_1224","error_1225","error_1226","error_1227","error_1228","error_1229","error_1230","error_1231","error_1232","error_1233","error_1234","error_1235","error_1236","error_1237","error_1238","error_1239","error_1240","error_1241","error_1242","error_1243","error_1244","error_1245","error_1246","error_1247","error_1248","error_1249","error_1250","error_1251","error_1252","error_1253","error_1254","error_1255","error_1256","error_1257","error_1258","error_1259","error_1260","error_1261","error_1262","error_1263","error_1264","error_1265","error_1266","error_1267","error_1268","error_1269","error_1270","error_1271","error_1272","error_1273","error_1274","error_1275","error_1276","error_1277","error_1278","error_1279","error_1280","error_1281","error_1282","error_1283","error_1284","error_1285","error_1286","error_1287","error_1288","error_1289","error_1290","error_1291","error_1292","error_1293","error_1294","error_1295","error_1296","error_1297","error_1298","error_1299","error_1300","error_1301","error_1302","error_1303","error_1304","error_1305","error_1306","error_1307","error_1308","error_1309","error_1310","error_1311","error_1312","error_1313","error_1314","error_1315","error_1316","error_1317","error_1318","error_1319","error_1320","error_1321","error_1322","error_1323","error_1324","error_1325","error_1326","error_1327","error_1328","error_1329","error_1330","error_1331","error_1332","error_1333","error_1334","error_1335","error_1336","error_1337","error_1338","error_1339","error_1340","error_1341","error_1342","error_1343","error_1344","error_1345","error_1346","error_1347","error_1348","error_1349","error_1350","error_1351","error_1352","error_1353","error_1354","error_1355","error_1356","error_1357","error_1358","error_1359","error_1360","error_1361","error_1362","error_1363","error_1364","error_1365","error_1366","error_1367","error_1368","error_1369","error_1370","error_1371","error_1372","error_1373","error_1374","error_1375","error_1376","error_1377","error_1378","error_1379","error_1380","error_1381","error_1382","error_1383","error_1384","error_1385","error_1386","error_1387","error_1388","error_1389","error_1390","error_1391","error_1392","error_1393","error_1394","error_1395","error_1396","error_1397","error_1398","error_1399","error_1400","error_1401","error_1402","error_1403","error_1404","error_1405","error_1406","error_1407","error_1408","error_1409","error_1410","error_1411","error_1412","error_1413","error_1414","error_1415","error_1416","error_1417","error_1418","error_1419","error_1420","error_1421","error_1422","error_1423","error_1424","error_1425","error_1426","error_1427","error_1428","error_1429","error_1430","error_1431","error_1432","error_1433","error_1434","error_1435","error_1436","error_1437","error_1438","error_1439","error_1440","error_1441","error_1442","error_1443","error_1444","error_1445","error_1446","error_1447","error_1448","error_1449","error_1450","error_1451","error_1452","error_1453","error_1454","error_1455","error_1456","error_1457","error_1458","error_1459","error_1460","error_1461","error_1462","error_1463","error_1464","error_1465","error_1466","error_1467","error_1468","error_1469","error_1470","error_1471","error_1472","error_1473","error_1474","error_1475","error_1476","error_1477","error_1478","error_1479","error_1480","error_1481","error_1482","error_1483","error_1484","error_1485","error_1486","error_1487","error_1488","error_1489","error_1490","error_1491","error_1492","error_1493","error_1494","error_1495","error_1496","error_1497","error_1498","error_1499","error_1500","error_1501","error_1502","error_1503","error_1504","error_1505","error_1506","error_1507","error_1508","error_1509","error_1510","error_1511","error_1512","error_1513","error_1514","error_1515","error_1516","error_1517","error_1518","error_1519","error_1520","error_1521","error_1522","error_1523","error_1524","error_1525","error_1526","error_1527","error_1528","error_1529","error_1530","error_1531","error_1532","error_1533","error_1534","error_1535","error_1536","error_1537","error_1538","error_1539","error_1540","error_1541","error_1542","error_1543","error_1544","error_1545","error_1546","error_1547","error_1548","error_1549","error_1550","error_1551","error_1552","error_1553","error_1554","error_1555","error_1556","error_1557","error_1558","error_1559","error_1560","error_1561","error_1562","error_1563","error_1564","error_1565","error_1566","error_1567","error_1568","error_1569","error_1570","error_1571","error_1572","error_1573","error_1574","error_1575","error_1576","error_1577","error_1578","error_1579","error_1580","error_1581","error_1582","error_1583","error_1584","error_1585","error_1586","error_1587","error_1588","error_1589","error_1590","error_1591","error_1592","error_1593","error_1594","error_1595","error_1596","error_1597","error_1598","error_1599","error_1600","error_1601","error_1602","error_1603","error_1604","error_1605","error_1606","error_1607","error_1608","error_1609","error_1610","error_1611","error_1612","error_1613","error_1614","error_1615","error_1616","error_1617","error_1618","error_1619","error_1620","error_1621","error_1622","error_1623","error_1624","error_1625","error_1626","error_1627","error_1628","error_1629","error_1630","error_1631","error_1632","error_1633","error_1634","error_1635","error_1636","error_1637","error_1638","error_1639","error_1640","error_1641","error_1642","error_1643","error_1644","error_1645","error_1646","error_1647","error_1648","error_1649","error_1650","error_1651","error_1652","error_1653","error_1654","error_1655","error_1656","error_1657","error_1658","error_1659","error_1660","error_1661","error_1662","error_1663","error_1664","error_1665","error_1666","error_1667","error_1668","error_1669","error_1670","error_1671","error_1672","error_1673","error_1674","error_1675","error_1676","error_1677","error_1678","error_1679","error_1680","error_1681","error_1682","error_1683","error_1684","error_1685","error_1686","error_1687","error_1688","error_1689","error_1690","error_1691","error_1692","error_1693","error_1694","error_1695","error_1696","error_1697","error_1698","error_1699","error_1700","error_1701","error_1702","error_1703","error_1704","error_1705","error_1706","error_1707","error_1708","error_1709","error_1710","error_1711","error_1712","error_1713","error_1714","error_1715","error_1716","error_1717","error_1718","error_1719","error_1720","error_1721","error_1722","error_1723","error_1724","error_1725","error_1726","error_1727","error_1728","error_1729","error_1730","error_1731","error_1732","error_1733","error_1734","error_1735","error_1736","error_1737","error_1738","error_1739","error_1740","error_1741","error_1742","error_1743","error_1744","error_1745","error_1746","error_1747","error_1748","error_1749","error_1750","error_1751","error_1752","error_1753","error_1754","error_1755","error_1756","error_1757","error_1758","error_1759","error_1760","error_1761","error_1762","error_1763","error_1764","error_1765","error_1766","error_1767","error_1768","error_1769","error_1770","error_1771","error_1772","error_1773","error_1774","error_1775","error_1776","error_1777","error_1778","error_1779","error_1780","error_1781","error_1782","error_1783","error_1784","error_1785","error_1786","error_1787","error_1788","error_1789","error_1790","error_1791","error_1792","error_1793","error_1794","error_1795","error_1796","error_1797","error_1798","error_1799","error_1800","error_1801","error_1802","error_1803","error_1804","error_1805","error_1806","error_1807","error_1808","error_1809","error_1810","error_1811","error_1812","error_1813","error_1814","error_1815","error_1816","error_1817","error_1818","error_1819","error_1820","error_1821","error_1822","error_1823","error_1824","error_1825","error_1826","error_1827","error_1828","error_1829","error_1830","error_1831","error_1832","error_1833","error_1834","error_1835","error_1836","error_1837","error_1838","error_1839","error_1840","error_1841","error_1842","error_1843","error_1844","error_1845","error_1846","error_1847","error_1848","error_1849","error_1850","error_1851","error_1852","error_1853","error_1854","error_1855","error_1856","error_1857","error_1858","error_1859","error_1860","error_1861","error_1862","error_1863","error_1864","error_1865","error_1866","error_1867","error_1868","error_1869","error_1870","error_1871","error_1872","error_1873","error_1874","error_1875","error_1876","error_1877","error_1878","error_1879","error_1880","error_1881","error_1882","error_1883","error_1884","error_1885","error_1886","error_1887","error_1888","error_1889","error_1890","error_1891","error_1892","error_1893","error_1894","error_1895","error_1896","error_1897","error_1898","error_1899","error_1900","error_1901","error_1902","error_1903","error_1904","error_1905","error_1906","error_1907","error_1908","error_1909","error_1910","error_1911","error_1912","error_1913","error_1914","error_1915","error_1916","error_1917","error_1918","error_1919","error_1920","error_1921","error_1922","error_1923","error_1924","error_1925","error_1926","error_1927","error_1928","error_1929","error_1930","error_1931","error_1932","error_1933","error_1934","error_1935","error_1936","error_1937","error_1938","error_1939","error_1940","error_1941","error_1942","error_1943","error_1944","error_1945","error_1946","error_1947","error_1948","error_1949","error_1950","error_1951","error_1952","error_1953","error_1954","error_1955","error_1956","error_1957","error_1958","error_1959","error_1960","error_1961","error_1962","error_1963","error_1964","error_1965","error_1966","error_1967","error_1968","error_1969","error_1970","error_1971","error_1972","error_1973","error_1974","error_1975","error_1976","error_1977","error_1978","error_1979","error_1980","error_1981","error_1982","error_1983","error_1984","error_1985","error_1986","error_1987","error_1988","error_1989","error_1990","error_1991","error_1992","error_1993","error_1994","error_1995","error_1996","error_1997","error_1998","error_1999","error_2000","error_2001","error_2002","error_2003","error_2004","error_2005","error_2006","error_2007","error_2008","error_2009","error_2010","error_2011","error_2012","error_2013","error_2014","error_2015","error_2016","error_2017","error_2018","error_2019","error_2020","error_2021","error_2022","error_2023","error_2024","error_2025","error_2026","error_2027","error_2028","error_2029","error_2030","error_2031","error_2032","error_2033","error_2034","error_2035","error_2036","error_2037","error_2038","error_2039","error_2040","error_2041","error_2042","error_2043","error_2044","error_2045","error_2046","error_2047","error_2048","error_2049","error_2050","error_2051","error_2052","error_2053","error_2054","error_2055","error_2056","error_2057","error_2058","error_2059","error_2060","error_2061","error_2062","error_2063","error_2064","error_2065","error_2066","error_2067","error_2068","error_2069","error_2070","error_2071","error_2072","error_2073","error_2074","error_2075","error_2076","error_2077","error_2078","error_2079","error_2080","error_2081","error_2082","error_2083","error_2084","error_2085","error_2086","error_2087","error_2088","error_2089","error_2090","error_2091","error_2092","error_2093","error_2094","error_2095","error_2096","error_2097","error_2098","error_2099","error_2100","error_2101","error_2102","error_2103","error_2104","error_2105","error_2106","error_2107","error_2108","error_2109","error_2110","error_2111","error_2112","error_2113","error_2114","error_2115","error_2116","error_2117","error_2118","error_2119","error_2120","error_2121","error_2122","error_2123","error_2124","error_2125","error_2126","error_2127","error_2128","error_2129","error_2130","error_2131","error_2132","error_2133","error_2134","error_2135","error_2136","error_2137","error_2138","error_2139","error_2140","error_2141","error_2142","error_2143","error_2144","error_2145","error_2146","error_2147","error_2148","error_2149","error_2150","error_2151","error_2152","error_2153","error_2154","error_2155","error_2156","error_2157","error_2158","error_2159","error_2160","error_2161","error_2162","error_2163","error_2164","error_2165","error_2166","error_2167","error_2168","error_2169","error_2170","error_2171","error_2172","error_2173","error_2174","error_2175","error_2176","error_2177","error_2178","error_2179","error_2180","error_2181","error_2182","error_2183","error_2184","error_2185","error_2186","error_2187","error_2188","error_2189","error_2190","error_2191","error_2192","error_2193","error_2194","error_2195","error_2196","error_2197","error_2198","error_2199","error_2200","error_2201","error_2202","error_2203","error_2204","error_2205","error_2206","error_2207","error_2208","error_2209","error_2210","error_2211","error_2212","error_2213","error_2214","error_2215","error_2216","error_2217","error_2218","error_2219","error_2220","error_2221","error_2222","error_2223","error_2224","error_2225","error_2226","error_2227","error_2228","error_2229","error_2230","error_2231","error_2232","error_2233","error_2234","error_2235","error_2236","error_2237","error_2238","error_2239","error_2240","error_2241","error_2242","error_2243","error_2244","error_2245","error_2246","error_2247","error_2248","error_2249","error_2250","error_2251","error_2252","error_2253","error_2254","error_2255","error_2256","error_2257","error_2258","error_2259","error_2260","error_2261","error_2262","error_2263","error_2264","error_2265","error_2266","error_2267","error_2268","error_2269","error_2270","error_2271","error_2272","error_2273","error_2274","error_2275","error_2276","error_2277","error_2278","error_2279","error_2280","error_2281","error_2282","error_2283","error_2284","error_2285","error_2286","error_2287","error_2288","error_2289","error_2290","error_2291","error_2292","error_2293","error_2294","error_2295","error_2296","error_2297","error_2298","error_2299","error_2300","error_2301","error_2302","error_2303","error_2304","error_2305","error_2306","error_2307","error_2308","error_2309","error_2310","error_2311","error_2312","error_2313","error_2314","error_2315","error_2316","error_2317","error_2318","error_2319","error_2320","error_2321","error_2322","error_2323","error_2324","error_2325","error_2326","error_2327","error_2328","error_2329","error_2330","error_2331","error_2332","error_2333","error_2334","error_2335","error_2336","error_2337","error_2338","error_2339","error_2340","error_2341","error_2342","error_2343","error_2344","error_2345","error_2346","error_2347","error_2348","error_2349","error_2350","error_2351","error_2352","error_2353","error_2354","error_2355","error_2356","error_2357","error_2358","error_2359","error_2360","error_2361","error_2362","error_2363","error_2364","error_2365","error_2366","error_2367","error_2368","error_2369","error_2370","error_2371","error_2372","error_2373","error_2374","error_2375","error_2376","error_2377","error_2378","error_2379","error_2380","error_2381","error_2382","error_2383","error_2384","error_2385","error_2386","error_2387","error_2388","error_2389","error_2390","error_2391","error_2392","error_2393","error_2394","error_2395","error_2396","error_2397","error_2398","error_2399","error_2400","error_2401","error_2402","error_2403","error_2404","error_2405","error_2406","error_2407","error_2408","error_2409","error_2410","error_2411","error_2412","error_2413","error_2414","error_2415","error_2416","error_2417","error_2418","error_2419","error_2420","error_2421","error_2422","error_2423","error_2424","error_2425","error_2426","error_2427","error_2428","error_2429","error_2430","error_2431","error_2432","error_2433","error_2434","error_2435","error_2436","error_2437","error_2438","error_2439","error_2440","error_2441","error_2442","error_2443","error_2444","error_2445","error_2446","error_2447","error_2448","error_2449","error_2450","error_2451","error_2452","error_2453","error_2454","error_2455","error_2456","error_2457","error_2458","error_2459","error_2460","error_2461","error_2462","error_2463","error_2464","error_2465","error_2466","error_2467","error_2468","error_2469","error_2470","error_2471","error_2472","error_2473","error_2474","error_2475","error_2476","error_2477","error_2478","error_2479","error_2480","error_2481","error_2482","error_2483","error_2484","error_2485","error_2486","error_2487","error_2488","error_2489","error_2490","error_2491","error_2492","error_2493","error_2494","error_2495","error_2496","error_2497","error_2498","error_2499","error_2500","error_2501","error_2502","error_2503","error_2504","error_2505","error_2506","error_2507","error_2508","error_2509","error_2510","error_2511","error_2512","error_2513","error_2514","error_2515","error_2516","error_2517","error_2518","error_2519","error_2520","error_2521","error_2522","error_2523","error_2524","error_2525","error_2526","error_2527","error_2528","error_2529","error_2530","error_2531","error_2532","error_2533","error_2534","error_2535","error_2536","error_2537","error_2538","error_2539","error_2540","error_2541","error_2542","error_2543","error_2544","error_2545","error_2546","error_2547","error_2548","error_2549","error_2550","error_2551","error_2552","error_2553","error_2554","error_2555","error_2556","error_2557","error_2558","error_2559","error_2560","error_2561","error_2562","error_2563","error_2564","error_2565","error_2566","error_2567","error_2568","error_2569","error_2570","error_2571","error_2572","error_2573","error_2574","error_2575","error_2576","error_2577","error_2578","error_2579","error_2580","error_2581","error_2582","error_2583","error_2584","error_2585","error_2586","error_2587","error_2588","error_2589","error_2590","error_2591","error_2592","error_2593","error_2594","error_2595","error_2596","error_2597","error_2598","error_2599","error_2600","error_2601","error_2602","error_2603","error_2604","error_2605","error_2606","error_2607","error_2608","error_2609","error_2610","error_2611","error_2612","error_2613","error_2614","error_2615","error_2616","error_2617","error_2618","error_2619","error_2620","error_2621","error_2622","error_2623","error_2624","error_2625","error_2626","error_2627","error_2628","error_2629","error_2630","error_2631","error_2632","error_2633","error_2634","error_2635","error_2636","error_2637","error_2638","error_2639","error_2640","error_2641","error_2642","error_2643","error_2644","error_2645","error_2646","error_2647","error_2648","error_2649","error_2650","error_2651","error_2652","error_2653","error_2654","error_2655","error_2656","error_2657","error_2658","error_2659","error_2660","error_2661","error_2662","error_2663","error_2664","error_2665","error_2666","error_2667","error_2668","error_2669","error_2670","error_2671","error_2672","error_2673","error_2674","error_2675","error_2676","error_2677","error_2678","error_2679","error_2680","error_2681","error_2682","error_2683","error_2684","error_2685","error_2686","error_2687","error_2688","error_2689","error_2690","error_2691","error_2692","error_2693","error_2694","error_2695","error_2696","error_2697","error_2698","error_2699","error_2700","error_2701","error_2702","error_2703","error_2704","error_2705","error_2706","error_2707","error_2708","error_2709","error_2710","error_2711","error_2712","error_2713","error_2714","error_2715","error_2716","error_2717","error_2718","error_2719","error_2720","error_2721","error_2722","error_2723","error_2724","error_2725","error_2726","error_2727","error_2728","error_2729","error_2730","error_2731","error_2732","error_2733","error_2734","error_2735","error_2736","error_2737","error_2738","error_2739","error_2740","error_2741","error_2742","error_2743","error_2744","error_2745","error_2746","error_2747","error_2748","error_2749","error_2750","error_2751","error_2752","error_2753","error_2754","error_2755","error_2756","error_2757","error_2758","error_2759","error_2760","error_2761","error_2762","error_2763","error_2764","error_2765","error_2766","error_2767","error_2768","error_2769","error_2770","error_2771","error_2772","error_2773","error_2774","error_2775","error_2776","error_2777","error_2778","error_2779","error_2780","error_2781","error_2782","error_2783","error_2784","error_2785","error_2786","error_2787","error_2788","error_2789","error_2790","error_2791","error_2792","error_2793","error_2794","error_2795","error_2796","error_2797","error_2798","error_2799","error_2800","error_2801","error_2802","error_2803","error_2804","error_2805","error_2806","error_2807","error_2808","error_2809","error_2810","error_2811","error_2812","error_2813","error_2814","error_2815","error_2816","error_2817","error_2818","error_2819","error_2820","error_2821","error_2822","error_2823","error_2824","error_2825","error_2826","error_2827","error_2828","error_2829","error_2830","error_2831","error_2832","error_2833","error_2834","error_2835","error_2836","error_2837","error_2838","error_2839","error_2840","error_2841","error_2842","error_2843","error_2844","error_2845","error_2846","error_2847","error_2848","error_2849","error_2850","error_2851","error_2852","error_2853","error_2854","error_2855","error_2856","error_2857","error_2858","error_2859","error_2860","error_2861","error_2862","error_2863","error_2864","error_2865","error_2866","error_2867","error_2868","error_2869","error_2870","error_2871","error_2872","error_2873","error_2874","error_2875","error_2876","error_2877","error_2878","error_2879","error_2880","error_2881","error_2882","error_2883","error_2884","error_2885","error_2886","error_2887","error_2888","error_2889","error_2890","error_2891","error_2892","error_2893","error_2894","error_2895","error_2896","error_2897","error_2898","error_2899","error_2900","error_2901","error_2902","error_2903","error_2904","error_2905","error_2906","error_2907","error_2908","error_2909","error_2910","error_2911","error_2912","error_2913","error_2914","error_2915","error_2916","error_2917","error_2918","error_2919","error_2920","error_2921","error_2922","error_2923","error_2924","error_2925","error_2926","error_2927","error_2928","error_2929","error_2930","error_2931","error_2932","error_2933","error_2934","error_2935","error_2936","error_2937","error_2938","error_2939","error_2940","error_2941","error_2942","error_2943","error_2944","error_2945","error_2946","error_2947","error_2948","error_2949","error_2950","error_2951","error_2952","error_2953","error_2954","error_2955","error_2956","error_2957","error_2958","error_2959","error_2960","error_2961","error_2962","error_2963","error_2964","error_2965","error_2966","error_2967","error_2968","error_2969","error_2970","error_2971","error_2972","error_2973","error_2974","error_2975","error_2976","error_2977","error_2978","error_2979","error_2980","error_2981","error_2982","error_2983","error_2984","error_2985","error_2986","error_2987","error_2988","error_2989","error_2990","error_2991","error_2992","error_2993","error_2994","error_2995","error_2996","error_2997","error_2998","error_2999","error_3000","error_3001","error_3002","error_3003","error_3004","error_3005","error_3006","error_3007","error_3008","error_3009","error_3010","error_3011","error_3012","error_3013","error_3014","error_3015","error_3016","error_3017","error_3018","error_3019","error_3020","error_3021","error_3022","error_3023","error_3024","error_3025","error_3026","error_3027","error_3028","error_3029","error_3030","error_3031","error_3032","error_3033","error_3034","error_3035","error_3036","error_3037","error_3038","error_3039","error_3040","error_3041","error_3042","error_3043","error_3044","error_3045","error_3046","error_3047","error_3048","error_3049","error_3050","error_3051","error_3052","error_3053","error_3054","error_3055","error_3056","error_3057","error_3058","error_3059","error_3060","error_3061","error_3062","error_3063","error_3064","error_3065","error_3066","error_3067","error_3068","error_3069","error_3070","error_3071","error_3072","error_3073","error_3074","error_3075","error_3076","error_3077","error_3078","error_3079","error_3080","error_3081","error_3082","error_3083","error_3084","error_3085","error_3086","error_3087","error_3088","error_3089","error_3090","error_3091","error_3092","error_3093","error_3094","error_3095","error_3096","error_3097","error_3098","error_3099","error_3100","error_3101","error_3102","error_3103","error_3104","error_3105","error_3106","error_3107","error_3108","error_3109","error_3110","error_3111","error_3112","error_3113","error_3114","error_3115","error_3116","error_3117","error_3118","error_3119","error_3120","error_3121","error_3122","error_3123","error_3124","error_3125","error_3126","error_3127","error_3128","error_3129","error_3130","error_3131","error_3132","error_3133","error_3134","error_3135","error_3136","error_3137","error_3138","error_3139","error_3140","error_3141","error_3142","error_3143","error_3144","error_3145","error_3146","error_3147","error_3148","error_3149","error_3150","error_3151","error_3152","error_3153","error_3154","error_3155","error_3156","error_3157","error_3158","error_3159","error_3160","error_3161","error_3162","error_3163","error_3164","error_3165","error_3166","error_3167","error_3168","error_3169","error_3170","error_3171","error_3172","error_3173","error_3174","error_3175","error_3176","error_3177","error_3178","error_3179","error_3180","error_3181","error_3182","error_3183","error_3184","error_3185","error_3186","error_3187","error_3188","error_3189","error_3190","error_3191","error_3192","error_3193","error_3194","error_3195","error_3196","error_3197","error_3198","error_3199","error_3200","error_3201","error_3202","error_3203","error_3204","error_3205","error_3206","error_3207","error_3208","error_3209","error_3210","error_3211","error_3212","error_3213","error_3214","error_3215","error_3216","error_3217","error_3218","error_3219","error_3220","error_3221","error_3222","error_3223","error_3224","error_3225","error_3226","error_3227","error_3228","error_3229","error_3230","error_3231","error_3232","error_3233","error_3234","error_3235","error_3236","error_3237","error_3238","error_3239","error_3240","error_3241","error_3242","error_3243","error_3244","error_3245","error_3246","error_3247","error_3248","error_3249","error_3250","error_3251","error_3252","error_3253","error_3254","error_3255","error_3256","error_3257","error_3258","error_3259","error_3260","error_3261","error_3262","error_3263","error_3264","error_3265","error_3266","error_3267","error_3268","error_3269","error_3270","error_3271","error_3272","error_3273","error_3274","error_3275","error_3276","error_3277","error_3278","error_3279","error_3280","error_3281","error_3282","error_3283","error_3284","error_3285","error_3286","error_3287","error_3288","error_3289","error_3290","error_3291","error_3292","error_3293","error_3294","error_3295","error_3296","error_3297","error_3298","error_3299","error_3300","error_3301","error_3302","error_3303","error_3304","error_3305","error_3306","error_3307","error_3308","error_3309","error_3310","error_3311","error_3312","error_3313","error_3314","error_3315","error_3316","error_3317","error_3318","error_3319","error_3320","error_3321","error_3322","error_3323","error_3324","error_3325","error_3326","error_3327","error_3328","error_3329","error_3330","error_3331","error_3332","error_3333","error_3334","error_3335","error_3336","error_3337","error_3338","error_3339","error_3340","error_3341","error_3342","error_3343","error_3344","error_3345","error_3346","error_3347","error_3348","error_3349","error_3350","error_3351","error_3352","error_3353","error_3354","error_3355","error_3356","error_3357","error_3358","error_3359","error_3360","error_3361","error_3362","error_3363","error_3364","error_3365","error_3366","error_3367","error_3368","error_3369","error_3370","error_3371","error_3372","error_3373","error_3374","error_3375","error_3376","error_3377","error_3378","error_3379","error_3380","error_3381","error_3382","error_3383","error_3384","error_3385","error_3386","error_3387","error_3388","error_3389","error_3390","error_3391","error_3392","error_3393","error_3394","error_3395","error_3396","error_3397","error_3398","error_3399","error_3400","error_3401","error_3402","error_3403","error_3404","error_3405","error_3406","error_3407","error_3408","error_3409","error_3410","error_3411","error_3412","error_3413","error_3414","error_3415","error_3416","error_3417","error_3418","error_3419","error_3420","error_3421","error_3422","error_3423","error_3424","error_3425","error_3426","error_3427","error_3428","error_3429","error_3430","error_3431","error_3432","error_3433","error_3434","error_3435","error_3436","error_3437","error_3438","error_3439","error_3440","error_3441","error_3442","error_3443","error_3444","error_3445","error_3446","error_3447","error_3448","error_3449","error_3450","error_3451","error_3452","error_3453","error_3454","error_3455","error_3456","error_3457","error_3458","error_3459","error_3460","error_3461","error_3462","error_3463","error_3464","error_3465","error_3466","error_3467","error_3468","error_3469","error_3470","error_3471","error_3472","error_3473","error_3474","error_3475","error_3476","error_3477","error_3478","error_3479","error_3480","error_3481","error_3482","error_3483","error_3484","error_3485","error_3486","error_3487","error_3488","error_3489","error_3490","error_3491","error_3492","error_3493","error_3494","error_3495","error_3496","error_3497","error_3498","error_3499","error_3500","error_3501","error_3502","error_3503","error_3504","error_3505","error_3506","error_3507","error_3508","error_3509","error_3510","error_3511","error_3512","error_3513","error_3514","error_3515","error_3516","error_3517","error_3518","error_3519","error_3520","error_3521","error_3522","error_3523","error_3524","error_3525","error_3526","error_3527","error_3528","error_3529","error_3530","error_3531","error_3532","error_3533","error_3534","error_3535","error_3536","error_3537","error_3538","error_3539","error_3540","error_3541","error_3542","error_3543","error_3544","error_3545","error_3546","error_3547","error_3548","error_3549","error_3550","error_3551","error_3552","error_3553","error_3554","error_3555","error_3556","error_3557","error_3558","error_3559","error_3560","error_3561","error_3562","error_3563","error_3564","error_3565","error_3566","error_3567","error_3568","error_3569","error_3570","error_3571","error_3572","error_3573","error_3574","error_3575","error_3576","error_3577","error_3578","error_3579","error_3580","error_3581","error_3582","error_3583","error_3584","error_3585","error_3586","error_3587","error_3588","error_3589","error_3590","error_3591","error_3592","error_3593","error_3594","error_3595","error_3596","error_3597","error_3598","error_3599","error_3600","error_3601","error_3602","error_3603","error_3604","error_3605","error_3606","error_3607","error_3608","error_3609","error_3610","error_3611","error_3612","error_3613","error_3614","error_3615","error_3616","error_3617","error_3618","error_3619","error_3620","error_3621","error_3622","error_3623","error_3624","error_3625","error_3626","error_3627","error_3628","error_3629","error_3630","error_3631","error_3632","error_3633","error_3634","error_3635","error_3636","error_3637","error_3638","error_3639","error_3640","error_3641","error_3642","error_3643","error_3644","error_3645","error_3646","error_3647","error_3648","error_3649","error_3650","error_3651","error_3652","error_3653","error_3654","error_3655","error_3656","error_3657","error_3658","error_3659","error_3660","error_3661","error_3662","error_3663","error_3664","error_3665","error_3666","error_3667","error_3668","error_3669","error_3670","error_3671","error_3672","error_3673","error_3674","error_3675","error_3676","error_3677","error_3678","error_3679","error_3680","error_3681","error_3682","error_3683","error_3684","error_3685","error_3686","error_3687","error_3688","error_3689","error_3690","error_3691","error_3692","error_3693","error_3694","error_3695","error_3696","error_3697","error_3698","error_3699","error_3700","error_3701","error_3702","error_3703","error_3704","error_3705","error_3706","error_3707","error_3708","error_3709","error_3710","error_3711","error_3712","error_3713","error_3714","error_3715","error_3716","error_3717","error_3718","error_3719","error_3720","error_3721","error_3722","error_3723","error_3724","error_3725","error_3726","error_3727","error_3728","error_3729","error_3730","error_3731","error_3732","error_3733","error_3734","error_3735","error_3736","error_3737","error_3738","error_3739","error_3740","error_3741","error_3742","error_3743","error_3744","error_3745","error_3746","error_3747","error_3748","error_3749","error_3750","error_3751","error_3752","error_3753","error_3754","error_3755","error_3756","error_3757","error_3758","error_3759","error_3760","error_3761","error_3762","error_3763","error_3764","error_3765","error_3766","error_3767","error_3768","error_3769","error_3770","error_3771","error_3772","error_3773","error_3774","error_3775","error_3776","error_3777","error_3778","error_3779","error_3780","error_3781","error_3782","error_3783","error_3784","error_3785","error_3786","error_3787","error_3788","error_3789","error_3790","error_3791","error_3792","error_3793","error_3794","error_3795","error_3796","error_3797","error_3798","error_3799","error_3800","error_3801","error_3802","error_3803","error_3804","error_3805","error_3806","error_3807","error_3808","error_3809","error_3810","error_3811","error_3812","error_3813","error_3814","error_3815","error_3816","error_3817","error_3818","error_3819","error_3820","error_3821","error_3822","error_3823","error_3824","error_3825","error_3826","error_3827","error_3828","error_3829","error_3830","error_3831","error_3832","error_3833","error_3834","error_3835","error_3836","error_3837","error_3838","error_3839","error_3840","error_3841","error_3842","error_3843","error_3844","error_3845","error_3846","error_3847","error_3848","error_3849","error_3850","error_3851","error_3852","error_3853","error_3854","error_3855","error_3856","error_3857","error_3858","error_3859","error_3860","error_3861","error_3862","error_3863","error_3864","error_3865","error_3866","error_3867","error_3868","error_3869","error_3870","error_3871","error_3872","error_3873","error_3874","error_3875","error_3876","error_3877","error_3878","error_3879","error_3880","error_3881","error_3882","error_3883","error_3884","error_3885","error_3886","error_3887","error_3888","error_3889","error_3890","error_3891","error_3892","error_3893","error_3894","error_3895","error_3896","error_3897","error_3898","error_3899","error_3900","error_3901","error_3902","error_3903","error_3904","error_3905","error_3906","error_3907","error_3908","error_3909","error_3910","error_3911","error_3912","error_3913","error_3914","error_3915","error_3916","error_3917","error_3918","error_3919","error_3920","error_3921","error_3922","error_3923","error_3924","error_3925","error_3926","error_3927","error_3928","error_3929","error_3930","error_3931","error_3932","error_3933","error_3934","error_3935","error_3936","error_3937","error_3938","error_3939","error_3940","error_3941","error_3942","error_3943","error_3944","error_3945","error_3946","error_3947","error_3948","error_3949","error_3950","error_3951","error_3952","error_3953","error_3954","error_3955","error_3956","error_3957","error_3958","error_3959","error_3960","error_3961","error_3962","error_3963","error_3964","error_3965","error_3966","error_3967","error_3968","error_3969","error_3970","error_3971","error_3972","error_3973","error_3974","error_3975","error_3976","error_3977","error_3978","error_3979","error_3980","error_3981","error_3982","error_3983","error_3984","error_3985","error_3986","error_3987","error_3988","error_3989","error_3990","error_3991","error_3992","error_3993","error_3994","error_3995","error_3996","error_3997","error_3998","error_3999","error_4000","error_4001","error_4002","error_4003","error_4004","error_4005","error_4006","error_4007","error_4008","error_4009","error_4010","error_4011","error_4012","error_4013","error_4014","error_4015","error_4016","error_4017","error_4018","error_4019","error_4020","error_4021","error_4022","error_4023","error_4024","error_4025","error_4026","error_4027","error_4028","error_4029","error_4030","error_4031","error_4032","error_4033","error_4034","error_4035","error_4036","error_4037","error_4038","error_4039","error_4040","error_4041","error_4042","error_4043","error_4044","error_4045","error_4046","error_4047","error_4048","error_4049","error_4050","error_4051","error_4052","error_4053","error_4054","error_4055","error_4056","error_4057","error_4058","error_4059","error_4060","error_4061","error_4062","error_4063","error_4064","error_4065","error_4066","error_4067","error_4068","error_4069","error_4070","error_4071","error_4072","error_4073","error_4074","error_4075","error_4076","error_4077","error_4078","error_4079","error_4080","error_4081","error_4082","error_4083","error_4084","error_4085","error_4086","error_4087","error_4088","error_4089","error_4090","error_4091","error_4092","error_4093","error_4094","error_4095","error_4096","error_4097","error_4098","error_4099","error_4100","error_4101","error_4102","error_4103","error_4104","error_4105","error_4106","error_4107","error_4108","error_4109","error_4110","error_4111","error_4112","error_4113","error_4114","error_4115","error_4116","error_4117","error_4118","error_4119","error_4120","error_4121","error_4122","error_4123","error_4124","error_4125","error_4126","error_4127","error_4128","error_4129","error_4130","error_4131","error_4132","error_4133","error_4134","error_4135","error_4136","error_4137","error_4138","error_4139","error_4140","error_4141","error_4142","error_4143","error_4144","error_4145","error_4146","error_4147","error_4148","error_4149","error_4150","error_4151","error_4152","error_4153","error_4154","error_4155","error_4156","error_4157","error_4158","error_4159","error_4160","error_4161","error_4162","error_4163","error_4164","error_4165","error_4166","error_4167","error_4168","error_4169","error_4170","error_4171","error_4172","error_4173","error_4174","error_4175","error_4176","error_4177","error_4178","error_4179","error_4180","error_4181","error_4182","error_4183","error_4184","error_4185","error_4186","error_4187","error_4188","error_4189","error_4190","error_4191","error_4192","error_4193","error_4194","error_4195","error_4196","error_4197","error_4198","error_4199","error_4200","error_4201","error_4202","error_4203","error_4204","error_4205","error_4206","error_4207","error_4208","error_4209","error_4210","error_4211","error_4212","error_4213","error_4214","error_4215","error_4216","error_4217","error_4218","error_4219","error_4220","error_4221","error_4222","error_4223","error_4224","error_4225","error_4226","error_4227","error_4228","error_4229","error_4230","error_4231","error_4232","error_4233","error_4234","error_4235","error_4236","error_4237","error_4238","error_4239","error_4240","error_4241","error_4242","error_4243","error_4244","error_4245","error_4246","error_4247","error_4248","error_4249","error_4250","error_4251","error_4252","error_4253","error_4254","error_4255","error_4256","error_4257","error_4258","error_4259","error_4260","error_4261","error_4262","error_4263","error_4264","error_4265","error_4266","error_4267","error_4268","error_4269","error_4270","error_4271","error_4272","error_4273","error_4274","error_4275","error_4276","error_4277","error_4278","error_4279","error_4280","error_4281","error_4282","error_4283","error_4284","error_4285","error_4286","error_4287","error_4288","error_4289","error_4290","error_4291","error_4292","error_4293","error_4294","error_4295","error_4296","error_4297","error_4298","error_4299","error_4300","error_4301","error_4302","error_4303","error_4304","error_4305","error_4306","error_4307","error_4308","error_4309","error_4310","error_4311","error_4312","error_4313","error_4314","error_4315","error_4316","error_4317","error_4318","error_4319","error_4320","error_4321","error_4322","error_4323","error_4324","error_4325","error_4326","error_4327","error_4328","error_4329","error_4330","error_4331","error_4332","error_4333","error_4334","error_4335","error_4336","error_4337","error_4338","error_4339","error_4340","error_4341","error_4342","error_4343","error_4344","error_4345","error_4346","error_4347","error_4348","error_4349","error_4350","error_4351","error_4352","error_4353","error_4354","error_4355","error_4356","error_4357","error_4358","error_4359","error_4360","error_4361","error_4362","error_4363","error_4364","error_4365","error_4366","error_4367","error_4368","error_4369","error_4370","error_4371","error_4372","error_4373","error_4374","error_4375","error_4376","error_4377","error_4378","error_4379","error_4380","error_4381","error_4382","error_4383","error_4384","error_4385","error_4386","error_4387","error_4388","error_4389","error_4390","error_4391","error_4392","error_4393","error_4394","error_4395","error_4396","error_4397","error_4398","error_4399","error_4400","error_4401","error_4402","error_4403","error_4404","error_4405","error_4406","error_4407","error_4408","error_4409","error_4410","error_4411","error_4412","error_4413","error_4414","error_4415","error_4416","error_4417","error_4418","error_4419","error_4420","error_4421","error_4422","error_4423","error_4424","error_4425","error_4426","error_4427","error_4428","error_4429","error_4430","error_4431","error_4432","error_4433","error_4434","error_4435","error_4436","error_4437","error_4438","error_4439","error_4440","error_4441","error_4442","error_4443","error_4444","error_4445","error_4446","error_4447","error_4448","error_4449","error_4450","error_4451","error_4452","error_4453","error_4454","error_4455","error_4456","error_4457","error_4458","error_4459","error_4460","error_4461","error_4462","error_4463","error_4464","error_4465","error_4466","error_4467","error_4468","error_4469","error_4470","error_4471","error_4472","error_4473","error_4474","error_4475","error_4476","error_4477","error_4478","error_4479","error_4480","error_4481","error_4482","error_4483","error_4484","error_4485","error_4486","error_4487","error_4488","error_4489","error_4490","error_4491","error_4492","error_4493","error_4494","error_4495","error_4496","error_4497","error_4498","error_4499","error_4500","error_4501","error_4502","error_4503","error_4504","error_4505","error_4506","error_4507","error_4508","error_4509","error_4510","error_4511","error_4512","error_4513","error_4514","error_4515","error_4516","error_4517","error_4518","error_4519","error_4520","error_4521","error_4522","error_4523","error_4524","error_4525","error_4526","error_4527","error_4528","error_4529","error_4530","error_4531","error_4532","error_4533","error_4534","error_4535","error_4536","error_4537","error_4538","error_4539","error_4540","error_4541","error_4542","error_4543","error_4544","error_4545","error_4546","error_4547","error_4548","error_4549","error_4550","error_4551","error_4552","error_4553","error_4554","error_4555","error_4556","error_4557","error_4558","error_4559","error_4560","error_4561","error_4562","error_4563","error_4564","error_4565","error_4566","error_4567","error_4568","error_4569","error_4570","error_4571","error_4572","error_4573","error_4574","error_4575","error_4576","error_4577","error_4578","error_4579","error_4580","error_4581","error_4582","error_4583","error_4584","error_4585","error_4586","error_4587","error_4588","error_4589","error_4590","error_4591","error_4592","error_4593","error_4594","error_4595","error_4596","error_4597","error_4598","error_4599","error_4600","error_4601","error_4602","error_4603","error_4604","error_4605","error_4606","error_4607","error_4608","error_4609","error_4610","error_4611","error_4612","error_4613","error_4614","error_4615","error_4616","error_4617","error_4618","error_4619","error_4620","error_4621","error_4622","error_4623","error_4624","error_4625","error_4626","error_4627","error_4628","error_4629","error_4630","error_4631","error_4632","error_4633","error_4634","error_4635","error_4636","error_4637","error_4638","error_4639","error_4640","error_4641","error_4642","error_4643","error_4644","error_4645","error_4646","error_4647","error_4648","error_4649","error_4650","error_4651","error_4652","error_4653","error_4654","error_4655","error_4656","error_4657","error_4658","error_4659","error_4660","error_4661","error_4662","error_4663","error_4664","error_4665","error_4666","error_4667","error_4668","error_4669","error_4670","error_4671","error_4672","error_4673","error_4674","error_4675","error_4676","error_4677","error_4678","error_4679","error_4680","error_4681","error_4682","error_4683","error_4684","error_4685","error_4686","error_4687","error_4688","error_4689","error_4690","error_4691","error_4692","error_4693","error_4694","error_4695","error_4696","error_4697","error_4698","error_4699","error_4700","error_4701","error_4702","error_4703","error_4704","error_4705","error_4706","error_4707","error_4708","error_4709","error_4710","error_4711","error_4712","error_4713","error_4714","error_4715","error_4716","error_4717","error_4718","error_4719","error_4720","error_4721","error_4722","error_4723","error_4724","error_4725","error_4726","error_4727","error_4728","error_4729","error_4730","error_4731","error_4732","error_4733","error_4734","error_4735","error_4736","error_4737","error_4738","error_4739","error_4740","error_4741","error_4742","error_4743","error_4744","error_4745","error_4746","error_4747","error_4748","error_4749","error_4750","error_4751","error_4752","error_4753","error_4754","error_4755","error_4756","error_4757","error_4758","error_4759","error_4760","error_4761","error_4762","error_4763","error_4764","error_4765","error_4766","error_4767","error_4768","error_4769","error_4770","error_4771","error_4772","error_4773","error_4774","error_4775","error_4776","error_4777","error_4778","error_4779","error_4780","error_4781","error_4782","error_4783","error_4784","error_4785","error_4786","error_4787","error_4788","error_4789","error_4790","error_4791","error_4792","error_4793","error_4794","error_4795","error_4796","error_4797","error_4798","error_4799","error_4800","error_4801","error_4802","error_4803","error_4804","error_4805","error_4806","error_4807","error_4808","error_4809","error_4810","error_4811","error_4812","error_4813","error_4814","error_4815","error_4816","error_4817","error_4818","error_4819","error_4820","error_4821","error_4822","error_4823","error_4824","error_4825","error_4826","error_4827","error_4828","error_4829","error_4830","error_4831","error_4832","error_4833","error_4834","error_4835","error_4836","error_4837","error_4838","error_4839","error_4840","error_4841","error_4842","error_4843","error_4844","error_4845","error_4846","error_4847","error_4848","error_4849","error_4850","error_4851","error_4852","error_4853","error_4854","error_4855","error_4856","error_4857","error_4858","error_4859","error_4860","error_4861","error_4862","error_4863","error_4864","error_4865","error_4866","error_4867","error_4868","error_4869","error_4870","error_4871","error_4872","error_4873","error_4874","error_4875","error_4876","error_4877","error_4878","error_4879","error_4880","error_4881","error_4882","error_4883","error_4884","error_4885","error_4886","error_4887","error_4888","error_4889","error_4890","error_4891","error_4892","error_4893","error_4894","error_4895","error_4896","error_4897","error_4898","error_4899","error_4900","error_4901","error_4902","error_4903","error_4904","error_4905","error_4906","error_4907","error_4908","error_4909","error_4910","error_4911","error_4912","error_4913","error_4914","error_4915","error_4916","error_4917","error_4918","error_4919","error_4920","error_4921","error_4922","error_4923","error_4924","error_4925","error_4926","error_4927","error_4928","error_4929","error_4930","error_4931","error_4932","error_4933","error_4934","error_4935","error_4936","error_4937","error_4938","error_4939","error_4940","error_4941","error_4942","error_4943","error_4944","error_4945","error_4946","error_4947","error_4948","error_4949","error_4950","error_4951","error_4952","error_4953","error_4954","error_4955","error_4956","error_4957","error_4958","error_4959","error_4960","error_4961","error_4962","error_4963","error_4964","error_4965","error_4966","error_4967","error_4968","error_4969","error_4970","error_4971","error_4972","error_4973","error_4974","error_4975","error_4976","error_4977","error_4978","error_4979","error_4980","error_4981","error_4982","error_4983","error_4984","error_4985","error_4986","error_4987","error_4988","error_4989","error_4990","error_4991","error_4992","error_4993","error_4994","error_4995","error_4996","error_4997","error_4998","error_4999","error_5000","error_5001","error_5002","error_5003","error_5004","error_5005","error_5006","error_5007","error_5008","error_5009","error_5010","error_5011","error_5012","error_5013","error_5014","error_5015","error_5016","error_5017","error_5018","error_5019","error_5020","error_5021","error_5022","error_5023","error_5024","error_5025","error_5026","error_5027","error_5028","error_5029","error_5030","error_5031","error_5032","error_5033","error_5034","error_5035","error_5036","error_5037","error_5038","error_5039","error_5040","error_5041","error_5042","error_5043","error_5044","error_5045","error_5046","error_5047","error_5048","error_5049","error_5050","error_5051","error_5052","error_5053","error_5054","error_5055","error_5056","error_5057","error_5058","error_5059","error_5060","error_5061","error_5062","error_5063","error_5064","error_5065","error_5066","error_5067","error_5068","error_5069","error_5070","error_5071","error_5072","error_5073","error_5074","error_5075","error_5076","error_5077","error_5078","error_5079","error_5080","error_5081","error_5082","error_5083","error_5084","error_5085","error_5086","error_5087","error_5088","error_5089","error_5090","error_5091","error_5092","error_5093","error_5094","error_5095","error_5096","error_5097","error_5098","error_5099","error_5100","error_5101","error_5102","error_5103","error_5104","error_5105","error_5106","error_5107","error_5108","error_5109","error_5110","error_5111","error_5112","error_5113","error_5114","error_5115","error_5116","error_5117","error_5118","error_5119","error_5120","error_5121","error_5122","error_5123","error_5124","error_5125","error_5126","error_5127","error_5128","error_5129","error_5130","error_5131","error_5132","error_5133","error_5134","error_5135","error_5136","error_5137","error_5138","error_5139","error_5140","error_5141","error_5142","error_5143","error_5144","error_5145","error_5146","error_5147","error_5148","error_5149","error_5150","error_5151","error_5152","error_5153","error_5154","error_5155","error_5156","error_5157","error_5158","error_5159","error_5160","error_5161","error_5162","error_5163","error_5164","error_5165","error_5166","error_5167","error_5168","error_5169","error_5170","error_5171","error_5172","error_5173","error_5174","error_5175","error_5176","error_5177","error_5178","error_5179","error_5180","error_5181","error_5182","error_5183","error_5184","error_5185","error_5186","error_5187","error_5188","error_5189","error_5190","error_5191","error_5192","error_5193","error_5194","error_5195","error_5196","error_5197","error_5198","error_5199","error_5200","error_5201","error_5202","error_5203","error_5204","error_5205","error_5206","error_5207","error_5208","error_5209","error_5210","error_5211","error_5212","error_5213","error_5214","error_5215","error_5216","error_5217","error_5218","error_5219","error_5220","error_5221","error_5222","error_5223","error_5224","error_5225","error_5226","error_5227","error_5228","error_5229","error_5230","error_5231","error_5232","error_5233","error_5234","error_5235","error_5236","error_5237","error_5238","error_5239","error_5240","error_5241","error_5242","error_5243","error_5244","error_5245","error_5246","error_5247","error_5248","error_5249","error_5250","error_5251","error_5252","error_5253","error_5254","error_5255","error_5256","error_5257","error_5258","error_5259","error_5260","error_5261","error_5262","error_5263","error_5264","error_5265","error_5266","error_5267","error_5268","error_5269","error_5270","error_5271","error_5272","error_5273","error_5274","error_5275","error_5276","error_5277","error_5278","error_5279","error_5280","error_5281","error_5282","error_5283","error_5284","error_5285","error_5286","error_5287","error_5288","error_5289","error_5290","error_5291","error_5292","error_5293","error_5294","error_5295","error_5296","error_5297","error_5298","error_5299","error_5300","error_5301","error_5302","error_5303","error_5304","error_5305","error_5306","error_5307","error_5308","error_5309","error_5310","error_5311","error_5312","error_5313","error_5314","error_5315","error_5316","error_5317","error_5318","error_5319","error_5320","error_5321","error_5322","error_5323","error_5324","error_5325","error_5326","error_5327","error_5328","error_5329","error_5330","error_5331","error_5332","error_5333","error_5334","error_5335","error_5336","error_5337","error_5338","error_5339","error_5340","error_5341","error_5342","error_5343","error_5344","error_5345","error_5346","error_5347","error_5348","error_5349","error_5350","error_5351","error_5352","error_5353","error_5354","error_5355","error_5356","error_5357","error_5358","error_5359","error_5360","error_5361","error_5362","error_5363","error_5364","error_5365","error_5366","error_5367","error_5368","error_5369","error_5370","error_5371","error_5372","error_5373","error_5374","error_5375","error_5376","error_5377","error_5378","error_5379","error_5380","error_5381","error_5382","error_5383","error_5384","error_5385","error_5386","error_5387","error_5388","error_5389","error_5390","error_5391","error_5392","error_5393","error_5394","error_5395","error_5396","error_5397","error_5398","error_5399","error_5400","error_5401","error_5402","error_5403","error_5404","error_5405","error_5406","error_5407","error_5408","error_5409","error_5410","error_5411","error_5412","error_5413","error_5414","error_5415","error_5416","error_5417","error_5418","error_5419","error_5420","error_5421","error_5422","error_5423","error_5424","error_5425","error_5426","error_5427","error_5428","error_5429","error_5430","error_5431","error_5432","error_5433","error_5434","error_5435","error_5436","error_5437","error_5438","error_5439","error_5440","error_5441","error_5442","error_5443","error_5444","error_5445","error_5446","error_5447","error_5448","error_5449","error_5450","error_5451","error_5452","error_5453","error_5454","error_5455","error_5456","error_5457","error_5458","error_5459","error_5460","error_5461","error_5462","error_5463","error_5464","error_5465","error_5466","error_5467","error_5468","error_5469","error_5470","error_5471","error_5472","error_5473","error_5474","error_5475","error_5476","error_5477","error_5478","error_5479","error_5480","error_5481","error_5482","error_5483","error_5484","error_5485","error_5486","error_5487","error_5488","error_5489","error_5490","error_5491","error_5492","error_5493","error_5494","error_5495","error_5496","error_5497","error_5498","error_5499","error_5500","error_5501","error_5502","error_5503","error_5504","error_5505","error_5506","error_5507","error_5508","error_5509","error_5510","error_5511","error_5512","error_5513","error_5514","error_5515","error_5516","error_5517","error_5518","error_5519","error_5520","error_5521","error_5522","error_5523","error_5524","error_5525","error_5526","error_5527","error_5528","error_5529","error_5530","error_5531","error_5532","error_5533","error_5534","error_5535","error_5536","error_5537","error_5538","error_5539","error_5540","error_5541","error_5542","error_5543","error_5544","error_5545","error_5546","error_5547","error_5548","error_5549","error_5550","error_5551","error_5552","error_5553","error_5554","error_5555","error_5556","error_5557","error_5558","error_5559","error_5560","error_5561","error_5562","error_5563","error_5564","error_5565","error_5566","error_5567","error_5568","error_5569","error_5570","error_5571","error_5572","error_5573","error_5574","error_5575","error_5576","error_5577","error_5578","error_5579","error_5580","error_5581","error_5582","error_5583","error_5584","error_5585","error_5586","error_5587","error_5588","error_5589","error_5590","error_5591","error_5592","error_5593","error_5594","error_5595","error_5596","error_5597","error_5598","error_5599","error_5600","error_5601","error_5602","error_5603","error_5604","error_5605","error_5606","error_5607","error_5608","error_5609","error_5610","error_5611","error_5612","error_5613","error_5614","error_5615","error_5616","error_5617","error_5618","error_5619","error_5620","error_5621","error_5622","error_5623","error_5624","error_5625","error_5626","error_5627","error_5628","error_5629","error_5630","error_5631","error_5632","error_5633","error_5634","error_5635","error_5636","error_5637","error_5638","error_5639","error_5640","error_5641","error_5642","error_5643","error_5644","error_5645","error_5646","error_5647","error_5648","error_5649","error_5650","error_5651","error_5652","error_5653","error_5654","error_5655","error_5656","error_5657","error_5658","error_5659","error_5660","error_5661","error_5662","error_5663","error_5664","error_5665","error_5666","error_5667","error_5668","error_5669","error_5670","error_5671","error_5672","error_5673","error_5674","error_5675","error_5676","error_5677","error_5678","error_5679","error_5680","error_5681","error_5682","error_5683","error_5684","error_5685","error_5686","error_5687","error_5688","error_5689","error_5690","error_5691","error_5692","error_5693","error_5694","error_5695","error_5696","error_5697","error_5698","error_5699","error_5700","error_5701","error_5702","error_5703","error_5704","error_5705","error_5706","error_5707","error_5708","error_5709","error_5710","error_5711","error_5712","error_5713","error_5714","error_5715","error_5716","error_5717","error_5718","error_5719","error_5720","error_5721","error_5722","error_5723","error_5724","error_5725","error_5726","error_5727","error_5728","error_5729","error_5730","error_5731","error_5732","error_5733","error_5734","error_5735","error_5736","error_5737","error_5738","error_5739","error_5740","error_5741","error_5742","error_5743","error_5744","error_5745","error_5746","error_5747","error_5748","error_5749","error_5750","error_5751","error_5752","error_5753","error_5754","error_5755","error_5756","error_5757","error_5758","error_5759","error_5760","error_5761","error_5762","error_5763","error_5764","error_5765","error_5766","error_5767","error_5768","error_5769","error_5770","error_5771","error_5772","error_5773","error_5774","error_5775","error_5776","error_5777","error_5778","error_5779","error_5780","error_5781","error_5782","error_5783","error_5784","error_5785","error_5786","error_5787","error_5788","error_5789","error_5790","error_5791","error_5792","error_5793","error_5794","error_5795","error_5796","error_5797","error_5798","error_5799","error_5800","error_5801","error_5802","error_5803","error_5804","error_5805","error_5806","error_5807","error_5808","error_5809","error_5810","error_5811","error_5812","error_5813","error_5814","error_5815","error_5816","error_5817","error_5818","error_5819","error_5820","error_5821","error_5822","error_5823","error_5824","error_5825","error_5826","error_5827","error_5828","error_5829","error_5830","error_5831","error_5832","error_5833","error_5834","error_5835","error_5836","error_5837","error_5838","error_5839","error_5840","error_5841","error_5842","error_5843","error_5844","error_5845","error_5846","error_5847","error_5848","error_5849","error_5850","error_5851","error_5852","error_5853","error_5854","error_5855","error_5856","error_5857","error_5858","error_5859","error_5860","error_5861","error_5862","error_5863","error_5864","error_5865","error_5866","error_5867","error_5868","error_5869","error_5870","error_5871","error_5872","error_5873","error_5874","error_5875","error_5876","error_5877","error_5878","error_5879","error_5880","error_5881","error_5882","error_5883","error_5884","error_5885","error_5886","error_5887","error_5888","error_5889","error_5890","error_5891","error_5892","error_5893","error_5894","error_5895","error_5896","error_5897","error_5898","error_5899","error_5900","error_5901","error_5902","error_5903","error_5904","error_5905","error_5906","error_5907","error_5908","error_5909","error_5910","error_5911","error_5912","error_5913","error_5914","error_5915","error_5916","error_5917","error_5918","error_5919","error_5920","error_5921","error_5922","error_5923","error_5924","error_5925","error_5926","error_5927","error_5928","error_5929","error_5930","error_5931","error_5932","error_5933","error_5934","error_5935","error_5936","error_5937","error_5938","error_5939","error_5940","error_5941","error_5942","error_5943","error_5944","error_5945","error_5946","error_5947","error_5948","error_5949","error_5950","error_5951","error_5952","error_5953","error_5954","error_5955","error_5956","error_5957","error_5958","error_5959","error_5960","error_5961","error_5962","error_5963","error_5964","error_5965","error_5966","error_5967","error_5968","error_5969","error_5970","error_5971","error_5972","error_5973","error_5974","error_5975","error_5976","error_5977","error_5978","error_5979","error_5980","error_5981","error_5982","error_5983","error_5984","error_5985","error_5986","error_5987","error_5988","error_5989","error_5990","error_5991","error_5992","error_5993","error_5994","error_5995","error_5996","error_5997","error_5998","error_5999","error_6000","error_6001","error_6002","error_6003","error_6004","error_6005","error_6006","error_6007","error_6008","error_6009","error_6010","error_6011","error_6012","error_6013","error_6014","error_6015","error_6016","error_6017","error_6018","error_6019","error_6020","error_6021","error_6022","error_6023","error_6024","error_6025","error_6026","error_6027","error_6028","error_6029","error_6030","error_6031","error_6032","error_6033","error_6034","error_6035","error_6036","error_6037","error_6038","error_6039","error_6040","error_6041","error_6042","error_6043","error_6044","error_6045","error_6046","error_6047","error_6048","error_6049","error_6050","error_6051","error_6052","error_6053","error_6054","error_6055","error_6056","error_6057","error_6058","error_6059","error_6060","error_6061","error_6062","error_6063","error_6064","error_6065","error_6066","error_6067","error_6068","error_6069","error_6070","error_6071","error_6072","error_6073","error_6074","error_6075","error_6076","error_6077","error_6078","error_6079","error_6080","error_6081","error_6082","error_6083","error_6084","error_6085","error_6086","error_6087","error_6088","error_6089","error_6090","error_6091","error_6092","error_6093","error_6094","error_6095","error_6096","error_6097","error_6098","error_6099","error_6100","error_6101","error_6102","error_6103","error_6104","error_6105","error_6106","error_6107","error_6108","error_6109","error_6110","error_6111","error_6112","error_6113","error_6114","error_6115","error_6116","error_6117","error_6118","error_6119","error_6120","error_6121","error_6122","error_6123","error_6124","error_6125","error_6126","error_6127","error_6128","error_6129","error_6130","error_6131","error_6132","error_6133","error_6134","error_6135","error_6136","error_6137","error_6138","error_6139","error_6140","error_6141","error_6142","error_6143","error_6144","error_6145","error_6146","error_6147","error_6148","error_6149","error_6150","error_6151","error_6152","error_6153","error_6154","error_6155","error_6156","error_6157","error_6158","error_6159","error_6160","error_6161","error_6162","error_6163","error_6164","error_6165","error_6166","error_6167","error_6168","error_6169","error_6170","error_6171","error_6172","error_6173","error_6174","error_6175","error_6176","error_6177","error_6178","error_6179","error_6180","error_6181","error_6182","error_6183","error_6184","error_6185","error_6186","error_6187","error_6188","error_6189","error_6190","error_6191","error_6192","error_6193","error_6194","error_6195","error_6196","error_6197","error_6198","error_6199","error_6200","error_6201","error_6202","error_6203","error_6204","error_6205","error_6206","error_6207","error_6208","error_6209","error_6210","error_6211","error_6212","error_6213","error_6214","error_6215","error_6216","error_6217","error_6218","error_6219","error_6220","error_6221","error_6222","error_6223","error_6224","error_6225","error_6226","error_6227","error_6228","error_6229","error_6230","error_6231","error_6232","error_6233","error_6234","error_6235","error_6236","error_6237","error_6238","error_6239","error_6240","error_6241","error_6242","error_6243","error_6244","error_6245","error_6246","error_6247","error_6248","error_6249","error_6250","error_6251","error_6252","error_6253","error_6254","error_6255","error_6256","error_6257","error_6258","error_6259","error_6260","error_6261","error_6262","error_6263","error_6264","error_6265","error_6266","error_6267","error_6268","error_6269","error_6270","error_6271","error_6272","error_6273","error_6274","error_6275","error_6276","error_6277","error_6278","error_6279","error_6280","error_6281","error_6282","error_6283","error_6284","error_6285","error_6286","error_6287","error_6288","error_6289","error_6290","error_6291","error_6292","error_6293","error_6294","error_6295","error_6296","error_6297","error_6298","error_6299","error_6300","error_6301","error_6302","error_6303","error_6304","error_6305","error_6306","error_6307","error_6308","error_6309","error_6310","error_6311","error_6312","error_6313","error_6314","error_6315","error_6316","error_6317","error_6318","error_6319","error_6320","error_6321","error_6322","error_6323","error_6324","error_6325","error_6326","error_6327","error_6328","error_6329","error_6330","error_6331","error_6332","error_6333","error_6334","error_6335","error_6336","error_6337","error_6338","error_6339","error_6340","error_6341","error_6342","error_6343","error_6344","error_6345","error_6346","error_6347","error_6348","error_6349","error_6350","error_6351","error_6352","error_6353","error_6354","error_6355","error_6356","error_6357","error_6358","error_6359","error_6360","error_6361","error_6362","error_6363","error_6364","error_6365","error_6366","error_6367","error_6368","error_6369","error_6370","error_6371","error_6372","error_6373","error_6374","error_6375","error_6376","error_6377","error_6378","error_6379","error_6380","error_6381","error_6382","error_6383","error_6384","error_6385","error_6386","error_6387","error_6388","error_6389","error_6390","error_6391","error_6392","error_6393","error_6394","error_6395","error_6396","error_6397","error_6398","error_6399","error_6400","error_6401","error_6402","error_6403","error_6404","error_6405","error_6406","error_6407","error_6408","error_6409","error_6410","error_6411","error_6412","error_6413","error_6414","error_6415","error_6416","error_6417","error_6418","error_6419","error_6420","error_6421","error_6422","error_6423","error_6424","error_6425","error_6426","error_6427","error_6428","error_6429","error_6430","error_6431","error_6432","error_6433","error_6434","error_6435","error_6436","error_6437","error_6438","error_6439","error_6440","error_6441","error_6442","error_6443","error_6444","error_6445","error_6446","error_6447","error_6448","error_6449","error_6450","error_6451","error_6452","error_6453","error_6454","error_6455","error_6456","error_6457","error_6458","error_6459","error_6460","error_6461","error_6462","error_6463","error_6464","error_6465","error_6466","error_6467","error_6468","error_6469","error_6470","error_6471","error_6472","error_6473","error_6474","error_6475","error_6476","error_6477","error_6478","error_6479","error_6480","error_6481","error_6482","error_6483","error_6484","error_6485","error_6486","error_6487","error_6488","error_6489","error_6490","error_6491","error_6492","error_6493","error_6494","error_6495","error_6496","error_6497","error_6498","error_6499","error_6500","error_6501","error_6502","error_6503","error_6504","error_6505","error_6506","error_6507","error_6508","error_6509","error_6510","error_6511","error_6512","error_6513","error_6514","error_6515","error_6516","error_6517","error_6518","error_6519","error_6520","error_6521","error_6522","error_6523","error_6524","error_6525","error_6526","error_6527","error_6528","error_6529","error_6530","error_6531","error_6532","error_6533","error_6534","error_6535","error_6536","error_6537","error_6538","error_6539","error_6540","error_6541","error_6542","error_6543","error_6544","error_6545","error_6546","error_6547","error_6548","error_6549","error_6550","error_6551","error_6552","error_6553","error_6554","error_6555","error_6556","error_6557","error_6558","error_6559","error_6560","error_6561","error_6562","error_6563","error_6564","error_6565","error_6566","error_6567","error_6568","error_6569","error_6570","error_6571","error_6572","error_6573","error_6574","error_6575","error_6576","error_6577","error_6578","error_6579","error_6580","error_6581","error_6582","error_6583","error_6584","error_6585","error_6586","error_6587","error_6588","error_6589","error_6590","error_6591","error_6592","error_6593","error_6594","error_6595","error_6596","error_6597","error_6598","error_6599","error_6600","error_6601","error_6602","error_6603","error_6604","error_6605","error_6606","error_6607","error_6608","error_6609","error_6610","error_6611","error_6612","error_6613","error_6614","error_6615","error_6616","error_6617","error_6618","error_6619","error_6620","error_6621","error_6622","error_6623","error_6624","error_6625","error_6626","error_6627","error_6628","error_6629","error_6630","error_6631","error_6632","error_6633","error_6634","error_6635","error_6636","error_6637","error_6638","error_6639","error_6640","error_6641","error_6642","error_6643","error_6644","error_6645","error_6646","error_6647","error_6648","error_6649","error_6650","error_6651","error_6652","error_6653","error_6654","error_6655","error_6656","error_6657","error_6658","error_6659","error_6660","error_6661","error_6662","error_6663","error_6664","error_6665","error_6666","error_6667","error_6668","error_6669","error_6670","error_6671","error_6672","error_6673","error_6674","error_6675","error_6676","error_6677","error_6678","error_6679","error_6680","error_6681","error_6682","error_6683","error_6684","error_6685","error_6686","error_6687","error_6688","error_6689","error_6690","error_6691","error_6692","error_6693","error_6694","error_6695","error_6696","error_6697","error_6698","error_6699","error_6700","error_6701","error_6702","error_6703","error_6704","error_6705","error_6706","error_6707","error_6708","error_6709","error_6710","error_6711","error_6712","error_6713","error_6714","error_6715","error_6716","error_6717","error_6718","error_6719","error_6720","error_6721","error_6722","error_6723","error_6724","error_6725","error_6726","error_6727","error_6728","error_6729","error_6730","error_6731","error_6732","error_6733","error_6734","error_6735","error_6736","error_6737","error_6738","error_6739","error_6740","error_6741","error_6742","error_6743","error_6744","error_6745","error_6746","error_6747","error_6748","error_6749","error_6750","error_6751","error_6752","error_6753","error_6754","error_6755","error_6756","error_6757","error_6758","error_6759","error_6760","error_6761","error_6762","error_6763","error_6764","error_6765","error_6766","error_6767","error_6768","error_6769","error_6770","error_6771","error_6772","error_6773","error_6774","error_6775","error_6776","error_6777","error_6778","error_6779","error_6780","error_6781","error_6782","error_6783","error_6784","error_6785","error_6786","error_6787","error_6788","error_6789","error_6790","error_6791","error_6792","error_6793","error_6794","error_6795","error_6796","error_6797","error_6798","error_6799","error_6800","error_6801","error_6802","error_6803","error_6804","error_6805","error_6806","error_6807","error_6808","error_6809","error_6810","error_6811","error_6812","error_6813","error_6814","error_6815","error_6816","error_6817","error_6818","error_6819","error_6820","error_6821","error_6822","error_6823","error_6824","error_6825","error_6826","error_6827","error_6828","error_6829","error_6830","error_6831","error_6832","error_6833","error_6834","error_6835","error_6836","error_6837","error_6838","error_6839","error_6840","error_6841","error_6842","error_6843","error_6844","error_6845","error_6846","error_6847","error_6848","error_6849","error_6850","error_6851","error_6852","error_6853","error_6854","error_6855","error_6856","error_6857","error_6858","error_6859","error_6860","error_6861","error_6862","error_6863","error_6864","error_6865","error_6866","error_6867","error_6868","error_6869","error_6870","error_6871","error_6872","error_6873","error_6874","error_6875","error_6876","error_6877","error_6878","error_6879","error_6880","error_6881","error_6882","error_6883","error_6884","error_6885","error_6886","error_6887","error_6888","error_6889","error_6890","error_6891","error_6892","error_6893","error_6894","error_6895","error_6896","error_6897","error_6898","error_6899","error_6900","error_6901","error_6902","error_6903","error_6904","error_6905","error_6906","error_6907","error_6908","error_6909","error_6910","error_6911","error_6912","error_6913","error_6914","error_6915","error_6916","error_6917","error_6918","error_6919","error_6920","error_6921","error_6922","error_6923","error_6924","error_6925","error_6926","error_6927","error_6928","error_6929","error_6930","error_6931","error_6932","error_6933","error_6934","error_6935","error_6936","error_6937","error_6938","error_6939","error_6940","error_6941","error_6942","error_6943","error_6944","error_6945","error_6946","error_6947","error_6948","error_6949","error_6950","error_6951","error_6952","error_6953","error_6954","error_6955","error_6956","error_6957","error_6958","error_6959","error_6960","error_6961","error_6962","error_6963","error_6964","error_6965","error_6966","error_6967","error_6968","error_6969","error_6970","error_6971","error_6972","error_6973","error_6974","error_6975","error_6976","error_6977","error_6978","error_6979","error_6980","error_6981","error_6982","error_6983","error_6984","error_6985","error_6986","error_6987","error_6988","error_6989","error_6990","error_6991","error_6992","error_6993","error_6994","error_6995","error_6996","error_6997","error_6998","error_6999","error_7000","error_7001","error_7002","error_7003","error_7004","error_7005","error_7006","error_7007","error_7008","error_7009","error_7010","error_7011","error_7012","error_7013","error_7014","error_7015","error_7016","error_7017","error_7018","error_7019","error_7020","error_7021","error_7022","error_7023","error_7024","error_7025","error_7026","error_7027","error_7028","error_7029","error_7030","error_7031","error_7032","error_7033","error_7034","error_7035","error_7036","error_7037","error_7038","error_7039","error_7040","error_7041","error_7042","error_7043","error_7044","error_7045","error_7046","error_7047","error_7048","error_7049","error_7050","error_7051","error_7052","error_7053","error_7054","error_7055","error_7056","error_7057","error_7058","error_7059","error_7060","error_7061","error_7062","error_7063","error_7064","error_7065","error_7066","error_7067","error_7068","error_7069","error_7070","error_7071","error_7072","error_7073","error_7074","error_7075","error_7076","error_7077","error_7078","error_7079","error_7080","error_7081","error_7082","error_7083","error_7084","error_7085","error_7086","error_7087","error_7088","error_7089","error_7090","error_7091","error_7092","error_7093","error_7094","error_7095","error_7096","error_7097","error_7098","error_7099","error_7100","error_7101","error_7102","error_7103","error_7104","error_7105","error_7106","error_7107","error_7108","error_7109","error_7110","error_7111","error_7112","error_7113","error_7114","error_7115","error_7116","error_7117","error_7118","error_7119","error_7120","error_7121","error_7122","error_7123","error_7124","error_7125","error_7126","error_7127","error_7128","error_7129","error_7130","error_7131","error_7132","error_7133","error_7134","error_7135","error_7136","error_7137","error_7138","error_7139","error_7140","error_7141","error_7142","error_7143","error_7144","error_7145","error_7146","error_7147","error_7148","error_7149","error_7150","error_7151","error_7152","error_7153","error_7154","error_7155","error_7156","error_7157","error_7158","error_7159","error_7160","error_7161","error_7162","error_7163","error_7164","error_7165","error_7166","error_7167","error_7168","error_7169","error_7170","error_7171","error_7172","error_7173","error_7174","error_7175","error_7176","error_7177","error_7178","error_7179","error_7180","error_7181","error_7182","error_7183","error_7184","error_7185","error_7186","error_7187","error_7188","error_7189","error_7190","error_7191","error_7192","error_7193","error_7194","error_7195","error_7196","error_7197","error_7198","error_7199","error_7200","error_7201","error_7202","error_7203","error_7204","error_7205","error_7206","error_7207","error_7208","error_7209","error_7210","error_7211","error_7212","error_7213","error_7214","error_7215","error_7216","error_7217","error_7218","error_7219","error_7220","error_7221","error_7222","error_7223","error_7224","error_7225","error_7226","error_7227","error_7228","error_7229","error_7230","error_7231","error_7232","error_7233","error_7234","error_7235","error_7236","error_7237","error_7238","error_7239","error_7240","error_7241","error_7242","error_7243","error_7244","error_7245","error_7246","error_7247","error_7248","error_7249","error_7250","error_7251","error_7252","error_7253","error_7254","error_7255","error_7256","error_7257","error_7258","error_7259","error_7260","error_7261","error_7262","error_7263","error_7264","error_7265","error_7266","error_7267","error_7268","error_7269","error_7270","error_7271","error_7272","error_7273","error_7274","error_7275","error_7276","error_7277","error_7278","error_7279","error_7280","error_7281","error_7282","error_7283","error_7284","error_7285","error_7286","error_7287","error_7288","error_7289","error_7290","error_7291","error_7292","error_7293","error_7294","error_7295","error_7296","error_7297","error_7298","error_7299","error_7300","error_7301","error_7302","error_7303","error_7304","error_7305","error_7306","error_7307","error_7308","error_7309","error_7310","error_7311","error_7312","error_7313","error_7314","error_7315","error_7316","error_7317","error_7318","error_7319","error_7320","error_7321","error_7322","error_7323","error_7324","error_7325","error_7326","error_7327","error_7328","error_7329","error_7330","error_7331","error_7332","error_7333","error_7334","error_7335","error_7336","error_7337","error_7338","error_7339","error_7340","error_7341","error_7342","error_7343","error_7344","error_7345","error_7346","error_7347","error_7348","error_7349","error_7350","error_7351","error_7352","error_7353","error_7354","error_7355","error_7356","error_7357","error_7358","error_7359","error_7360","error_7361","error_7362","error_7363","error_7364","error_7365","error_7366","error_7367","error_7368","error_7369","error_7370","error_7371","error_7372","error_7373","error_7374","error_7375","error_7376","error_7377","error_7378","error_7379","error_7380","error_7381","error_7382","error_7383","error_7384","error_7385","error_7386","error_7387","error_7388","error_7389","error_7390","error_7391","error_7392","error_7393","error_7394","error_7395","error_7396","error_7397","error_7398","error_7399","error_7400","error_7401","error_7402","error_7403","error_7404","error_7405","error_7406","error_7407","error_7408","error_7409","error_7410","error_7411","error_7412","error_7413","error_7414","error_7415","error_7416","error_7417","error_7418","error_7419","error_7420","error_7421","error_7422","error_7423","error_7424","error_7425","error_7426","error_7427","error_7428","error_7429","error_7430","error_7431","error_7432","error_7433","error_7434","error_7435","error_7436","error_7437","error_7438","error_7439","error_7440","error_7441","error_7442","error_7443","error_7444","error_7445","error_7446","error_7447","error_7448","error_7449","error_7450","error_7451","error_7452","error_7453","error_7454","error_7455","error_7456","error_7457","error_7458","error_7459","error_7460","error_7461","error_7462","error_7463","error_7464","error_7465","error_7466","error_7467","error_7468","error_7469","error_7470","error_7471","error_7472","error_7473","error_7474","error_7475","error_7476","error_7477","error_7478","error_7479","error_7480","error_7481","error_7482","error_7483","error_7484","error_7485","error_7486","error_7487","error_7488","error_7489","error_7490","error_7491","error_7492","error_7493","error_7494","error_7495","error_7496","error_7497","error_7498","error_7499","error_7500","error_7501","error_7502","error_7503","error_7504","error_7505","error_7506","error_7507","error_7508","error_7509","error_7510","error_7511","error_7512","error_7513","error_7514","error_7515","error_7516","error_7517","error_7518","error_7519","error_7520","error_7521","error_7522","error_7523","error_7524","error_7525","error_7526","error_7527","error_7528","error_7529","error_7530","error_7531","error_7532","error_7533","error_7534","error_7535","error_7536","error_7537","error_7538","error_7539","error_7540","error_7541","error_7542","error_7543","error_7544","error_7545","error_7546","error_7547","error_7548","error_7549","error_7550","error_7551","error_7552","error_7553","error_7554","error_7555","error_7556","error_7557","error_7558","error_7559","error_7560","error_7561","error_7562","error_7563","error_7564","error_7565","error_7566","error_7567","error_7568","error_7569","error_7570","error_7571","error_7572","error_7573","error_7574","error_7575","error_7576","error_7577","error_7578","error_7579","error_7580","error_7581","error_7582","error_7583","error_7584","error_7585","error_7586","error_7587","error_7588","error_7589","error_7590","error_7591","error_7592","error_7593","error_7594","error_7595","error_7596","error_7597","error_7598","error_7599","error_7600","error_7601","error_7602","error_7603","error_7604","error_7605","error_7606","error_7607","error_7608","error_7609","error_7610","error_7611","error_7612","error_7613","error_7614","error_7615","error_7616","error_7617","error_7618","error_7619","error_7620","error_7621","error_7622","error_7623","error_7624","error_7625","error_7626","error_7627","error_7628","error_7629","error_7630","error_7631","error_7632","error_7633","error_7634","error_7635","error_7636","error_7637","error_7638","error_7639","error_7640","error_7641","error_7642","error_7643","error_7644","error_7645","error_7646","error_7647","error_7648","error_7649","error_7650","error_7651","error_7652","error_7653","error_7654","error_7655","error_7656","error_7657","error_7658","error_7659","error_7660","error_7661","error_7662","error_7663","error_7664","error_7665","error_7666","error_7667","error_7668","error_7669","error_7670","error_7671","error_7672","error_7673","error_7674","error_7675","error_7676","error_7677","error_7678","error_7679","error_7680","error_7681","error_7682","error_7683","error_7684","error_7685","error_7686","error_7687","error_7688","error_7689","error_7690","error_7691","error_7692","error_7693","error_7694","error_7695","error_7696","error_7697","error_7698","error_7699","error_7700","error_7701","error_7702","error_7703","error_7704","error_7705","error_7706","error_7707","error_7708","error_7709","error_7710","error_7711","error_7712","error_7713","error_7714","error_7715","error_7716","error_7717","error_7718","error_7719","error_7720","error_7721","error_7722","error_7723","error_7724","error_7725","error_7726","error_7727","error_7728","error_7729","error_7730","error_7731","error_7732","error_7733","error_7734","error_7735","error_7736","error_7737","error_7738","error_7739","error_7740","error_7741","error_7742","error_7743","error_7744","error_7745","error_7746","error_7747","error_7748","error_7749","error_7750","error_7751","error_7752","error_7753","error_7754","error_7755","error_7756","error_7757","error_7758","error_7759","error_7760","error_7761","error_7762","error_7763","error_7764","error_7765","error_7766","error_7767","error_7768","error_7769","error_7770","error_7771","error_7772","error_7773","error_7774","error_7775","error_7776","error_7777","error_7778","error_7779","error_7780","error_7781","error_7782","error_7783","error_7784","error_7785","error_7786","error_7787","error_7788","error_7789","error_7790","error_7791","error_7792","error_7793","error_7794","error_7795","error_7796","error_7797","error_7798","error_7799","error_7800","error_7801","error_7802","error_7803","error_7804","error_7805","error_7806","error_7807","error_7808","error_7809","error_7810","error_7811","error_7812","error_7813","error_7814","error_7815","error_7816","error_7817","error_7818","error_7819","error_7820","error_7821","error_7822","error_7823","error_7824","error_7825","error_7826","error_7827","error_7828","error_7829","error_7830","error_7831","error_7832","error_7833","error_7834","error_7835","error_7836","error_7837","error_7838","error_7839","error_7840","error_7841","error_7842","error_7843","error_7844","error_7845","error_7846","error_7847","error_7848","error_7849","error_7850","error_7851","error_7852","error_7853","error_7854","error_7855","error_7856","error_7857","error_7858","error_7859","error_7860","error_7861","error_7862","error_7863","error_7864","error_7865","error_7866","error_7867","error_7868","error_7869","error_7870","error_7871","error_7872","error_7873","error_7874","error_7875","error_7876","error_7877","error_7878","error_7879","error_7880","error_7881","error_7882","error_7883","error_7884","error_7885","error_7886","error_7887","error_7888","error_7889","error_7890","error_7891","error_7892","error_7893","error_7894","error_7895","error_7896","error_7897","error_7898","error_7899","error_7900","error_7901","error_7902","error_7903","error_7904","error_7905","error_7906","error_7907","error_7908","error_7909","error_7910","error_7911","error_7912","error_7913","error_7914","error_7915","error_7916","error_7917","error_7918","error_7919","error_7920","error_7921","error_7922","error_7923","error_7924","error_7925","error_7926","error_7927","error_7928","error_7929","error_7930","error_7931","error_7932","error_7933","error_7934","error_7935","error_7936","error_7937","error_7938","error_7939","error_7940","error_7941","error_7942","error_7943","error_7944","error_7945","error_7946","error_7947","error_7948","error_7949","error_7950","error_7951","error_7952","error_7953","error_7954","error_7955","error_7956","error_7957","error_7958","error_7959","error_7960","error_7961","error_7962","error_7963","error_7964","error_7965","error_7966","error_7967","error_7968","error_7969","error_7970","error_7971","error_7972","error_7973","error_7974","error_7975","error_7976","error_7977","error_7978","error_7979","error_7980","error_7981","error_7982","error_7983","error_7984","error_7985","error_7986","error_7987","error_7988","error_7989","error_7990","error_7991","error_7992","error_7993","error_7994","error_7995","error_7996","error_7997","error_7998","error_7999","error_8000","error_8001","error_8002","error_8003","error_8004","error_8005","error_8006","error_8007","error_8008","error_8009","error_8010","error_8011","error_8012","error_8013","error_8014","error_8015","error_8016","error_8017","error_8018","error_8019","error_8020","error_8021","error_8022","error_8023","error_8024","error_8025","error_8026","error_8027","error_8028","error_8029","error_8030","error_8031","error_8032","error_8033","error_8034","error_8035","error_8036","error_8037","error_8038","error_8039","error_8040","error_8041","error_8042","error_8043","error_8044","error_8045","error_8046","error_8047","error_8048","error_8049","error_8050","error_8051","error_8052","error_8053","error_8054","error_8055","error_8056","error_8057","error_8058","error_8059","error_8060","error_8061","error_8062","error_8063","error_8064","error_8065","error_8066","error_8067","error_8068","error_8069","error_8070","error_8071","error_8072","error_8073","error_8074","error_8075","error_8076","error_8077","error_8078","error_8079","error_8080","error_8081","error_8082","error_8083","error_8084","error_8085","error_8086","error_8087","error_8088","error_8089","error_8090","error_8091","error_8092","error_8093","error_8094","error_8095","error_8096","error_8097","error_8098","error_8099","error_8100","error_8101","error_8102","error_8103","error_8104","error_8105","error_8106","error_8107","error_8108","error_8109","error_8110","error_8111","error_8112","error_8113","error_8114","error_8115","error_8116","error_8117","error_8118","error_8119","error_8120","error_8121","error_8122","error_8123","error_8124","error_8125","error_8126","error_8127","error_8128","error_8129","error_8130","error_8131","error_8132","error_8133","error_8134","error_8135","error_8136","error_8137","error_8138","error_8139","error_8140","error_8141","error_8142","error_8143","error_8144","error_8145","error_8146","error_8147","error_8148","error_8149","error_8150","error_8151","error_8152","error_8153","error_8154","error_8155","error_8156","error_8157","error_8158","error_8159","error_8160","error_8161","error_8162","error_8163","error_8164","error_8165","error_8166","error_8167","error_8168","error_8169","error_8170","error_8171","error_8172","error_8173","error_8174","error_8175","error_8176","error_8177","error_8178","error_8179","error_8180","error_8181","error_8182","error_8183","error_8184","error_8185","error_8186","error_8187","error_8188","error_8189","error_8190","error_8191","error_8192","error_8193","error_8194","error_8195","error_8196","error_8197","error_8198","error_8199","error_8200","error_8201","error_8202","error_8203","error_8204","error_8205","error_8206","error_8207","error_8208","error_8209","error_8210","error_8211","error_8212","error_8213","error_8214","error_8215","error_8216","error_8217","error_8218","error_8219","error_8220","error_8221","error_8222","error_8223","error_8224","error_8225","error_8226","error_8227","error_8228","error_8229","error_8230","error_8231","error_8232","error_8233","error_8234","error_8235","error_8236","error_8237","error_8238","error_8239","error_8240","error_8241","error_8242","error_8243","error_8244","error_8245","error_8246","error_8247","error_8248","error_8249","error_8250","error_8251","error_8252","error_8253","error_8254","error_8255","error_8256","error_8257","error_8258","error_8259","error_8260","error_8261","error_8262","error_8263","error_8264","error_8265","error_8266","error_8267","error_8268","error_8269","error_8270","error_8271","error_8272","error_8273","error_8274","error_8275","error_8276","error_8277","error_8278","error_8279","error_8280","error_8281","error_8282","error_8283","error_8284","error_8285","error_8286","error_8287","error_8288","error_8289","error_8290","error_8291","error_8292","error_8293","error_8294","error_8295","error_8296","error_8297","error_8298","error_8299","error_8300","error_8301","error_8302","error_8303","error_8304","error_8305","error_8306","error_8307","error_8308","error_8309","error_8310","error_8311","error_8312","error_8313","error_8314","error_8315","error_8316","error_8317","error_8318","error_8319","error_8320","error_8321","error_8322","error_8323","error_8324","error_8325","error_8326","error_8327","error_8328","error_8329","error_8330","error_8331","error_8332","error_8333","error_8334","error_8335","error_8336","error_8337","error_8338","error_8339","error_8340","error_8341","error_8342","error_8343","error_8344","error_8345","error_8346","error_8347","error_8348","error_8349","error_8350","error_8351","error_8352","error_8353","error_8354","error_8355","error_8356","error_8357","error_8358","error_8359","error_8360","error_8361","error_8362","error_8363","error_8364","error_8365","error_8366","error_8367","error_8368","error_8369","error_8370","error_8371","error_8372","error_8373","error_8374","error_8375","error_8376","error_8377","error_8378","error_8379","error_8380","error_8381","error_8382","error_8383","error_8384","error_8385","error_8386","error_8387","error_8388","error_8389","error_8390","error_8391","error_8392","error_8393","error_8394","error_8395","error_8396","error_8397","error_8398","error_8399","error_8400","error_8401","error_8402","error_8403","error_8404","error_8405","error_8406","error_8407","error_8408","error_8409","error_8410","error_8411","error_8412","error_8413","error_8414","error_8415","error_8416","error_8417","error_8418","error_8419","error_8420","error_8421","error_8422","error_8423","error_8424","error_8425","error_8426","error_8427","error_8428","error_8429","error_8430","error_8431","error_8432","error_8433","error_8434","error_8435","error_8436","error_8437","error_8438","error_8439","error_8440","error_8441","error_8442","error_8443","error_8444","error_8445","error_8446","error_8447","error_8448","error_8449","error_8450","error_8451","error_8452","error_8453","error_8454","error_8455","error_8456","error_8457","error_8458","error_8459","error_8460","error_8461","error_8462","error_8463","error_8464","error_8465","error_8466","error_8467","error_8468","error_8469","error_8470","error_8471","error_8472","error_8473","error_8474","error_8475","error_8476","error_8477","error_8478","error_8479","error_8480","error_8481","error_8482","error_8483","error_8484","error_8485","error_8486","error_8487","error_8488","error_8489","error_8490","error_8491","error_8492","error_8493","error_8494","error_8495","error_8496","error_8497","error_8498","error_8499","error_8500","error_8501","error_8502","error_8503","error_8504","error_8505","error_8506","error_8507","error_8508","error_8509","error_8510","error_8511","error_8512","error_8513","error_8514","error_8515","error_8516","error_8517","error_8518","error_8519","error_8520","error_8521","error_8522","error_8523","error_8524","error_8525","error_8526","error_8527","error_8528","error_8529","error_8530","error_8531","error_8532","error_8533","error_8534","error_8535","error_8536","error_8537","error_8538","error_8539","error_8540","error_8541","error_8542","error_8543","error_8544","error_8545","error_8546","error_8547","error_8548","error_8549","error_8550","error_8551","error_8552","error_8553","error_8554","error_8555","error_8556","error_8557","error_8558","error_8559","error_8560","error_8561","error_8562","error_8563","error_8564","error_8565","error_8566","error_8567","error_8568","error_8569","error_8570","error_8571","error_8572","error_8573","error_8574","error_8575","error_8576","error_8577","error_8578","error_8579","error_8580","error_8581","error_8582","error_8583","error_8584","error_8585","error_8586","error_8587","error_8588","error_8589","error_8590","error_8591","error_8592","error_8593","error_8594","error_8595","error_8596","error_8597","error_8598","error_8599","error_8600","error_8601","error_8602","error_8603","error_8604","error_8605","error_8606","error_8607","error_8608","error_8609","error_8610","error_8611","error_8612","error_8613","error_8614","error_8615","error_8616","error_8617","error_8618","error_8619","error_8620","error_8621","error_8622","error_8623","error_8624","error_8625","error_8626","error_8627","error_8628","error_8629","error_8630","error_8631","error_8632","error_8633","error_8634","error_8635","error_8636","error_8637","error_8638","error_8639","error_8640","error_8641","error_8642","error_8643","error_8644","error_8645","error_8646","error_8647","error_8648","error_8649","error_8650","error_8651","error_8652","error_8653","error_8654","error_8655","error_8656","error_8657","error_8658","error_8659","error_8660","error_8661","error_8662","error_8663","error_8664","error_8665","error_8666","error_8667","error_8668","error_8669","error_8670","error_8671","error_8672","error_8673","error_8674","error_8675","error_8676","error_8677","error_8678","error_8679","error_8680","error_8681","error_8682","error_8683","error_8684","error_8685","error_8686","error_8687","error_8688","error_8689","error_8690","error_8691","error_8692","error_8693","error_8694","error_8695","error_8696","error_8697","error_8698","error_8699","error_8700","error_8701","error_8702","error_8703","error_8704","error_8705","error_8706","error_8707","error_8708","error_8709","error_8710","error_8711","error_8712","error_8713","error_8714","error_8715","error_8716","error_8717","error_8718","error_8719","error_8720","error_8721","error_8722","error_8723","error_8724","error_8725","error_8726","error_8727","error_8728","error_8729","error_8730","error_8731","error_8732","error_8733","error_8734","error_8735","error_8736","error_8737","error_8738","error_8739","error_8740","error_8741","error_8742","error_8743","error_8744","error_8745","error_8746","error_8747","error_8748","error_8749","error_8750","error_8751","error_8752","error_8753","error_8754","error_8755","error_8756","error_8757","error_8758","error_8759","error_8760","error_8761","error_8762","error_8763","error_8764","error_8765","error_8766","error_8767","error_8768","error_8769","error_8770","error_8771","error_8772","error_8773","error_8774","error_8775","error_8776","error_8777","error_8778","error_8779","error_8780","error_8781","error_8782","error_8783","error_8784","error_8785","error_8786","error_8787","error_8788","error_8789","error_8790","error_8791","error_8792","error_8793","error_8794","error_8795","error_8796","error_8797","error_8798","error_8799","error_8800","error_8801","error_8802","error_8803","error_8804","error_8805","error_8806","error_8807","error_8808","error_8809","error_8810","error_8811","error_8812","error_8813","error_8814","error_8815","error_8816","error_8817","error_8818","error_8819","error_8820","error_8821","error_8822","error_8823","error_8824","error_8825","error_8826","error_8827","error_8828","error_8829","error_8830","error_8831","error_8832","error_8833","error_8834","error_8835","error_8836","error_8837","error_8838","error_8839","error_8840","error_8841","error_8842","error_8843","error_8844","error_8845","error_8846","error_8847","error_8848","error_8849","error_8850","error_8851","error_8852","error_8853","error_8854","error_8855","error_8856","error_8857","error_8858","error_8859","error_8860","error_8861","error_8862","error_8863","error_8864","error_8865","error_8866","error_8867","error_8868","error_8869","error_8870","error_8871","error_8872","error_8873","error_8874","error_8875","error_8876","error_8877","error_8878","error_8879","error_8880","error_8881","error_8882","error_8883","error_8884","error_8885","error_8886","error_8887","error_8888","error_8889","error_8890","error_8891","error_8892","error_8893","error_8894","error_8895","error_8896","error_8897","error_8898","error_8899","error_8900","error_8901","error_8902","error_8903","error_8904","error_8905","error_8906","error_8907","error_8908","error_8909","error_8910","error_8911","error_8912","error_8913","error_8914","error_8915","error_8916","error_8917","error_8918","error_8919","error_8920","error_8921","error_8922","error_8923","error_8924","error_8925","error_8926","error_8927","error_8928","error_8929","error_8930","error_8931","error_8932","error_8933","error_8934","error_8935","error_8936","error_8937","error_8938","error_8939","error_8940","error_8941","error_8942","error_8943","error_8944","error_8945","error_8946","error_8947","error_8948","error_8949","error_8950","error_8951","error_8952","error_8953","error_8954","error_8955","error_8956","error_8957","error_8958","error_8959","error_8960","error_8961","error_8962","error_8963","error_8964","error_8965","error_8966","error_8967","error_8968","error_8969","error_8970","error_8971","error_8972","error_8973","error_8974","error_8975","error_8976","error_8977","error_8978","error_8979","error_8980","error_8981","error_8982","error_8983","error_8984","error_8985","error_8986","error_8987","error_8988","error_8989","error_8990","error_8991","error_8992","error_8993","error_8994","error_8995","error_8996","error_8997","error_8998","error_8999","error_9000","error_9001"
"true","generative",NA,"JC69","strict","yule",0.0149263605263887,0.00664798470730808,0.00655644033883209,0.00277289184424569,0.0146887519475451,0.00266573671312337,0.0105787712522758,0.00716238466730645,0.00659025136647706,0.0163462513235509,0.00675392307205134,0.0193937397951313,0.00943102294707266,0.0117481406085331,0.00788889240191049,0.0179690842719456,0.0112428964524031,0.00844199337902183,0.00970810846889954,0.00520546885897137,0.0146218591844542,0.00301103209633356,0.0101380450639318,0.0163923498241044,0.0110968062700604,0.0144535162841562,0.00732449525985958,0.00952330943409454,0.0112130320943432,0.0109093207646211,0.00906875262136753,0.00762131389393689,0.0138331528991159,0.0136840467482892,0.00818157400194987,0.0236858381731063,0.00679222584764055,0.00596769495247649,0.00670103087819026,0.0037120502264237,0.0104236130347213,0.0136266612318216,0.00429904542797146,0.0124085849118511,0.00947042661437223,0.0121161410040481,0.00790751080477511,0.013232773577042,0.0184413993256623,0.0110499435204906,0.0112862974580055,0.00852435843191962,0.0178738929292259,0.00783754047300805,0.00680526908493632,0.00544955403925213,0.0130816164216781,0.00790317974090053,0.0134444596931625,0.00417127219138802,0.0106738303734383,0.0119875447089483,0.00789955851599267,0.013850594456865,0.0113590912468963,0.00603487195724062,0.011458233677134,0.012100983140398,0.00957739648032927,0.0119923583109848,0.00745232903860923,0.00522898203935018,0.0141895411985214,0.00851687639432177,0.00705478580906677,0.0143753361391719,0.0131579931036546,0.0112455887053602,0.0110685742491071,0.00569038664076088,0.00542530703353331,0.0103047117117766,0.014033915977288,0.0120076439850653,0.011650699561509,0.00751251250797112,0.0138080408438208,0.00709040842554628,0.0155742653997844,0.00536478753421625,0.0170875040183701,0.0105268585893504,0.0258761919788687,0.0123168052043421,0.015864110436928,0.0173993388651821,0.00757714175911271,0.00822888581105189,0.0192032663106616,0.0116088090166245,0.0162675035460109,0.00498092518504142,0.0169418729374355,0.00750970479709262,0.00756448406146198,0.0175916480998147,0.0113847703148339,0.0206838875373837,0.0134864760902774,0.014858751568426,0.0148237283286928,0.0161334866641538,0.00279734322767248,0.0161219524293443,0.0077856630562515,0.00704846740248116,0.0099904519695269,0.0177007257529855,0.0200962669867955,0.0130103817863018,0.0143627741029421,0.0127447369548251,0.0115059586517159,0.00480127439995352,0.0161109656215039,0.00466427591670761,0.0213016156269837,0.0161109220809254,0.00460839827089249,0.0150247669146773,0.00944876039432872,0.0120649379937548,0.0124348194176163,0.0125295336671672,0.0129186798711203,0.00943249351115855,0.00682407374880197,0.0165259435880472,0.00498650608204735,0.0114655514228777,0.00860968199548884,0.00822469509017137,0.0170035246445491,0.00576339463616271,0.00941294731123519,0.0100979914908983,0.0128027979253024,0.00801460533011887,0.00664332397963979,0.0059801547877032,0.00860170371776977,0.0115953935034458,0.00886124387967657,0.0210260016912188,0.0110724489623842,0.00395652349296534,0.00712091678984552,0.0140016015055215,0.0137426570648426,0.021588911080251,0.00944127981853747,0.0315102325836686,0.00611338938786547,0.0122337194557868,0.0139196808946711,0.0105556036710227,0.0108155773073254,0.00665118581019634,0.0277395998199101,0.0124056428332972,0.00718149715346295,0.0135495111240465,0.00666321142113365,0.0126891001713652,0.0187311376890908,0.0153720464782468,0.0122227449816793,0.00428617316385199,0.00851461033929507,0.00767213611448723,0.0189283767820714,0.0156205439535258,0.0125018856629915,0.00867872319939197,0.00784890415839603,0.0322482573431736,0.0174034471328872,0.00730178961742524,0.00666554818451485,0.00882947964890476,0.012946564589497,0.0112424421610344,0.00718440582470855,0.0235076489684806,0.0135291679065721,0.0138618872455756,0.0145475360210485,0.0105157931488795,0.00894670245616935,0.00918475476741432,0.0126204674483593,0.00823466767046468,0.00950271357807747,0.00690599491150318,0.00848171249507675,0.0165162948002384,0.00611781055805327,0.018110816925912,0.00919382201688579,0.00605276225164984,0.00837317136132188,0.00633237839803113,0.0148445151277776,0.0114967109221751,0.00674496173698628,0.00488414057299609,0.0184400533711266,0.0200074648663355,0.00473309869918911,0.00341339545794541,0.00774546077702406,0.0191590637965673,0.0100260151575495,0.0245675839775034,0.00644641341021923,0.0151588968716643,0.0074906315393544,0.00616474656578568,0.00994691040585616,0.009980058931508,0.00863498565319472,0.0216178413023756,0.0153359660863951,0.0184633323211242,0.00846129044718095,0.00627363418444501,0.00780552866314271,0.00561816739853684,0.00513175836162559,0.0136910038123738,0.0137970152917654,0.0164574943948782,0.0168767036394319,0.0057588194152187,0.00901454505591716,0.0106665910677966,0.0150464233871628,0.0170617693002782,0.0184266686922319,0.0210192092917569,0.013560619466573,0.0109041767523036,0.011409005207659,0.00982660202161206,0.0152792140486909,0.00837290466343974,0.0135231604104094,0.00831370688178479,0.0226282952078784,0.00946863044813713,0.00512864065141383,0.010020192673192,0.00585636190108004,0.0160668729860644,0.00550716712286531,0.00549608401921979,0.0092340702303611,0.0179854879614689,0.0081699785845871,0.00946061604965685,0.00922638234779505,0.012827945384977,0.0129474335468736,0.0114910490158773,0.0136441426612495,0.00642038137642076,0.0113504819803735,0.00733302481114197,0.0132465753251519,0.0171846211843747,0.00756153130709926,0.00624148276638533,0.0127691834955315,0.00534692242908639,0.0115172606100083,0.011927184538583,0.0102659578247852,0.00879292418019569,0.0143418574434971,0.00393710932247469,0.00765708021230517,0.0101052352151174,0.0107060975509728,0.00873153566720665,0.00798327038335237,0.00783615338130757,0.0210776536750676,0.00871163476651027,0.00957638326896202,0.0171609169291617,0.00818523984348228,0.00520755626505572,0.00846017221692586,0.0137842620921466,0.0153640755171691,0.0172741034276934,0.0096180189709811,0.0214360278231467,0.0212607354750093,0.00687357754245036,0.0106125788169874,0.00531722157070637,0.00941636743697631,0.0113125520170814,0.00358256429493076,0.0110358010152204,0.00703948576891552,0.022538255896192,0.0139018363843531,0.00893266882208508,0.0137722868026482,0.014555598202548,0.00466031319294578,0.00917605138055999,0.00447732156441229,0.00745229346030117,0.0117159461008178,0.0165708659663575,0.00771270913306144,0.0199844309563839,0.0135262314610514,0.00342684807221231,0.0212549350289994,0.00575832776454116,0.00543115944196732,0.00862481766552279,0.0109729848851988,0.0136790648909422,0.00878004945235206,0.00746650128320066,0.0110571456601184,0.00744258843454348,0.00714940782020867,0.0109798604956292,0.0171146072788371,0.0124401119391583,0.0075817430368458,0.0220588094222796,0.00891910580947123,0.009602446633199,0.0118827750487127,0.0141396423536198,0.0105995200642158,0.00336201512626235,0.0118333691717561,0.00764383638439971,0.0173561632175978,0.00758830517406482,0.00499281707431933,0.0126220239570324,0.0109687942151166,0.00981814100290218,0.0138605043149819,0.00643602884005012,0.00606857571191494,0.0202010668988347,0.0147059758540169,0.00230062663035985,0.0150250108761994,0.00716325048070291,0.0234664462282706,0.00900181060567989,0.0134968098493986,0.0031780669186459,0.0147393638692141,0.0108463885042354,0.00705518702019651,0.013091110033253,0.012618571731121,0.00852589230911745,0.00556953656251471,0.0187572210070075,0.0176296077573268,0.00830934252776809,0.0039937878287285,0.00600567004388919,0.0158363812611306,0.0146614568950453,0.0086003567331811,0.00434976295272727,0.00781091706367839,0.00767077853312065,0.0175822872074178,0.0214831334202255,0.00460305624908689,0.0073373718715018,0.00809002116943749,0.00788361531823021,0.0111330148546571,0.0091991500429612,0.00604856247291811,0.00571263453558413,0.0112697762496637,0.0174667380999574,0.00606926185148769,0.0058509764586997,0.0119923271463822,0.0104403216437613,0.0123751880918398,0.0132499167465999,0.0118262697824885,0.0100366136727439,0.0172675371553918,0.0128807262080775,0.00972765051749593,0.0146669310695702,0.00732007098368855,0.00831036613715023,0.00656313392889792,0.0276622460762301,0.0112026706635875,0.0121346245591207,0.0120532433060155,0.0104988102375763,0.00892579314108966,0.0079400582614518,0.00684575996023179,0.0088137043888102,0.0160002712725282,0.00926154380674882,0.00550628657495256,0.0103396276630649,0.0100921380490062,0.00969483262735961,0.0104504239679659,0.0183553299815272,0.010890773274975,0.00780262080582365,0.00335385315715693,0.00897019925779626,0.0068168944429335,0.010906373132714,0.0240159230332988,0.00706282085705741,0.011557436650219,0.0192275367298571,0.0131234597495461,0.00580486942415537,0.00995907700564097,0.0119081215378462,0.01696494625114,0.00400672331811314,0.00529970188193696,0.0122547228708829,0.00452150623986932,0.0179828106628133,0.0063404974862817,0.00781532802084991,0.0129351976507603,0.00706219579689007,0.0065880063008551,0.00974738536600953,0.00952915904471585,0.014213696360304,0.00693131995713655,0.0104164560866384,0.0131095262574457,0.0113681506996487,0.0120247864400985,0.0147627446088461,0.00688403185669219,0.00776502258881721,0.0132111416374765,0.00901394060001922,0.00231943574832568,0.0173370895293505,0.00927010225556702,0.0118397577331042,0.00725539060200947,0.00316471332472457,0.00728322258135781,0.00692708460560221,0.00440601667728306,0.00805591883371644,0.00687380631556008,0.0211531625920003,0.0109594805893509,0.00981679527568313,0.0165859030520764,0.0093768648530723,0.0218149146283436,0.00259263089303985,0.00887733370720538,0.00749284498768597,0.0173194700306974,0.0123961824090073,0.00889874856015416,0.00333797562547916,0.0102374713231777,0.00873639489259925,0.00324967474065755,0.00648515767248394,0.00992777204428195,0.012693018480421,0.0172958794279685,0.0167035139385588,0.00799761744115864,0.0111138527862228,0.00840651121041885,0.0146088189698541,0.0206904178440114,0.00965060539218184,0.00865036832105283,0.0061319743157745,0.0098782440904675,0.0101888128396472,0.0106652371252871,0.026511097345499,0.0100593283600321,0.0115501583826497,0.00985607691806266,0.00448893833408333,0.0205364304027299,0.00424515959992796,0.0110089830797102,0.0066262625579598,0.0123884405222516,0.00478099904391529,0.00584463086145493,0.00500485435944126,0.0158706055050695,0.024933551227728,0.00683357514596742,0.00718758873982613,0.0121524454466648,0.0108481718934715,0.00691801322211592,0.00990758057580125,0.0136545049638628,0.0149456606003867,0.00670822263282761,0.00613013911177932,0.00541844946124986,0.0147811163798741,0.0068101093472552,0.0128761282375852,0.0112755743844354,0.00608866412793838,0.0108611798654621,0.00508387974521801,0.00521968034651874,0.0152675198743533,0.0157679603831558,0.00698261604094352,0.0105157496838095,0.00933423554932779,0.00803127536325904,0.00502275800681703,0.0102885127164533,0.014857632111018,0.00668274315781279,0.0172165435947973,0.00555664842663287,0.0113119807239364,0.0133304145812462,0.013878279112415,0.00428242225610559,0.00416092391107618,0.00660857979594152,0.0208645812506427,0.0138276575741009,0.0138677619785697,0.0127094895664988,0.00987996161620593,0.00553216037954768,0.0187874339574212,0.00626953091099195,0.0123733241215607,0.0173024473713616,0.0183422357116897,0.0126170091253046,0.00428660354792607,0.0139445321124807,0.0048012209527332,0.0094299623932374,0.00541973368683133,0.00423399466618287,0.0090976009837138,0.00527031740630649,0.0106954270871941,0.00689135513207761,0.0110108744610823,0.0129794388523351,0.0128190913397876,0.00728081422003165,0.016463294714216,0.00971799129764755,0.00469278562319682,0.0174866356718493,0.0163756024585294,0.011363165287273,0.00516408986798143,0.00696528354401773,0.0113831022893021,0.00891872444135957,0.00645951983478554,0.0108796518404795,0.0117245206271596,0.0111921470314114,0.0131717537949553,0.0101632192633469,0.00794834749454223,0.00853026712607117,0.00777882455348224,0.0052206107593384,0.0168671320301907,0.00842060271721843,0.0115895744240322,0.0111368211448998,0.00932872018016995,0.011413728698554,0.00805756404704768,0.0220238515042245,0.00533473183949531,0.0132549553125197,0.0056749718965583,0.0105991135094548,0.00395481895440754,0.0132606394040385,0.00633209697305403,0.004454312597723,0.0144174346285324,0.0272043792581723,0.0143351337398278,0.0148905212358542,0.0180145215076964,0.00895194695564235,0.008912209772815,0.0194042527569082,0.0113615310663802,0.00233106842223145,0.0141126514505563,0.0159468155717251,0.0121142343644338,0.00582067153455442,0.0114683100806883,0.0104528169143199,0.0131056766892164,0.0147530553375521,0.0155353450600224,0.0165653828952357,0.0181563798594597,0.00466853521838543,0.00691783043457898,0.0078147948172412,0.0188659015169975,0.0295541839840212,0.0160796511883506,0.0107557857197268,0.0107877003207235,0.0115011032648399,0.00952821509616764,0.00826958480721437,0.0135716407545031,0.0197227921362658,0.0105881487348521,0.00988970059060616,0.0101263632858452,0.0181823576402931,0.0180277445634768,0.0114006826297578,0.0130184347693627,0.0197442806966168,0.00479777494354283,0.01681889193575,0.00507695406785362,0.00667704075298703,0.0200374425216532,0.011893697270868,0.0091647631451506,0.0050403956752391,0.0065906204546254,0.0122734828725982,0.0250060375622802,0.00696626544393003,0.0175499520077507,0.00416425095801987,0.0101434523119507,0.00356944260488397,0.0190066022555478,0.00609553195596437,0.00800721975271122,0.007679110088743,0.0131818644989167,0.0152066544518555,0.0177016227888425,0.0106666004663858,0.0189556061100653,0.0163124160648971,0.00938382165382001,0.00735294100410831,0.00946272289978933,0.0204543765345626,0.0088527237574255,0.0173003647170129,0.0149732971905699,0.0168015219474338,0.00542916298627287,0.00999849074840781,0.0141657832007647,0.00876852404078834,0.0157663066396355,0.00877447596803721,0.0131675757836019,0.0129314953296428,0.0110213850287489,0.00405645301923478,0.0192501818721603,0.00722442558245481,0.00975128591685633,0.00503470350657983,0.0111361764503936,0.010595552199721,0.0151022008640184,0.00922582076789658,0.0171083036776908,0.00879922393348061,0.0139779918325813,0.00763135343392555,0.00965823601558598,0.00447623495506949,0.00814651205675702,0.0160960189729933,0.00833355467617808,0.0112637312137226,0.0131818863003521,0.0052687240057932,0.00781862663822874,0.0156533671910317,0.0200134001384116,0.0211806181991105,0.0204961411327548,0.0156737909185477,0.00567827053475939,0.0126088588544536,0.00925390010149959,0.00968202244362585,0.00797837964083248,0.00777474909441006,0.00817099510490799,0.00722012440963804,0.00905846654425779,0.00363268642579856,0.0104325102687841,0.00347478870375939,0.00969920423044542,0.00670581504527688,0.00736578779272644,0.0131392233529166,0.00640359252364275,0.0126245272204927,0.00940696200653836,0.0142731196844434,0.0095362420310451,0.00222787552607654,0.011641548885162,0.00983771483769837,0.0109491619339445,0.00741327098608918,0.0121790696413913,0.0132218074085227,0.00528211438007938,0.0125355770873419,0.0122404117257236,0.0163060709199266,0.0143955647807735,0.00416000254436168,0.00228831880080434,0.00616835477701235,0.00833448646311619,0.00680410550781276,0.00652022002328051,0.00965696880498435,0.00776584690382511,0.0111829158518441,0.00671154139420475,0.00654418740546708,0.0107583444736283,0.00696686651170268,0.0144345995284271,0.0133371375528099,0.0215690373293854,0.0175437155172247,0.0106499208859401,0.0135535737302524,0.0146023070639644,0.0137701459951092,0.00793321424451552,0.0108679545907696,0.00343704646064887,0.0034329503926707,0.0127560928622232,0.0131136449576309,0.014507954385892,0.0144504820631623,0.0103881926091656,0.012067204364794,0.0102714155271235,0.0164691190325635,0.0035850154097116,0.0261442904872317,0.0170517354777923,0.00903115882357232,0.00618258579682124,0.0303259070184085,0.0120473287035316,0.0167040430038288,0.00716451803560557,0.0252855268047943,0.0107800079717765,0.00932810638834543,0.0115148130801232,0.00944989725406938,0.0143665556582569,0.0104419921464607,0.00516119088159385,0.00952712891190153,0.00627199065464512,0.0136510683840379,0.00730409222152887,0.00722550799978283,0.0120338754112062,0.0076778137555063,0.0120986968894062,0.0153954002490331,0.00922016339393376,0.0213271578705547,0.00776288949406826,0.00729987294249072,0.00786552856632626,0.0102801560122063,0.022474027042572,0.0100153655129488,0.00897969604635944,0.00623974551281313,0.0071270464969525,0.00573126195806408,0.0089100552235871,0.00373167518220017,0.0105981331950687,0.00587872747269902,0.00848850910275489,0.0105061849489786,0.00771217701445535,0.0168214873152466,0.0143637813332932,0.0128025885861229,0.0132963904749098,0.00928919917806783,0.0103714377263255,0.0145900776353005,0.0132692933898947,0.012975603814157,0.00883608867368428,0.017836139385245,0.00710509712535701,0.00354827568592035,0.01060320365892,0.0107478041832875,0.0120779553405785,0.0175664858721484,0.0104993955720322,0.00858435259691191,0.0114029206395524,0.00757882250106821,0.0140074781964774,0.0195099879559478,0.0211954093039075,0.0188183536541254,0.0133435542005077,0.0137662617920839,0.0121206417722096,0.00436415657408512,0.00546537825604132,0.00234729053582838,0.0102725919882841,0.0125136424088556,0.00549660916717964,0.00813831583413527,0.0118006238606528,0.00693378524748363,0.00624785046861415,0.00534441532279536,0.0159220441541375,0.00778386400698935,0.00717824830475903,0.0141858299517627,0.0178486149228703,0.0131089890109414,0.00605420074219722,0.00892994301868296,0.0196530532209545,0.0180704989528407,0.00645303384857893,0.0157590454495689,0.0157758294441914,0.0234846850750717,0.00814250548224086,0.0120627666692065,0.00939857070197113,0.0112274879384969,0.011974659162944,0.0115604773685363,0.00756496211601637,0.00509445863730464,0.00430557020004624,0.00798010456168424,0.0168973212762646,0.00539292648656327,0.00506354998813754,0.0100516653642327,0.0147980990831639,0.00579725374406487,0.013980693265971,0.00540876762627076,0.0109649730952297,0.0070496992350114,0.0140207723609772,0.00496727490580085,0.0153071877698262,0.00579422031856577,0.00849334974191559,0.0117366215566161,0.00905873686939947,0.0153587964599873,0.00815423344123247,0.00947163986751491,0.00990456938059542,0.0055623616079772,0.00405798844949988,0.0062050219034062,0.00802268778530864,0.00835566881279485,0.00557626427172784,0.0266198881130504,0.0190809315029723,0.0083000701426804,0.0147112616648273,0.0101395676008064,0.00828075483251887,0.00799268796188903,0.0131929306077109,0.00900702756277679,0.00968040754255598,0.00668246768556844,0.0127823446568963,0.00443332701871182,0.00756578835898369,0.00666031679807812,0.00661148271899851,0.00778546391486716,0.0106265523761558,0.00456647062098022,0.0133621068722566,0.00558614508091585,0.00840177430233163,0.00547567933954058,0.0114008297917145,0.0139165555644728,0.00447723969592969,0.00945231153888051,0.0062529551210904,0.0155920800781035,0.0220573545553241,0.0148430701746673,0.0107204844184152,0.0179154621953553,0.0208608643874776,0.0173389590302661,0.0146781537087996,0.0131833456323693,0.00958577254315052,0.0040424432374099,0.0178921355811598,0.0058901390481446,0.0104560182078781,0.0085430930852776,0.0198373983177,0.0110415059314914,0.00772976616127478,0.0125737473443658,0.0206928568600286,0.00574708660046332,0.0117021080606797,0.00995046305454798,0.00688786160476218,0.0246170816027841,0.00651539113131908,0.00476473592510834,0.012898450002976,0.0159584612097111,0.00722834738939956,0.012356823126754,0.00286092220500321,0.0125467736710633,0.00591385858965504,0.0124465662977914,0.010881175576463,0.021783754571754,0.0036954441707928,0.015104566662343,0.0152433123973656,0.00798037500074348,0.00769309130671048,0.0115038359974745,0.0134007414170124,0.012840974851863,0.0174790422617667,0.0128413317115916,0.00816476241499777,0.0120894938558887,0.00627541729892226,0.0151464033100614,0.0146492300084902,0.0121324626754086,0.00466979382879575,0.00558535930100024,0.0078120040770458,0.00769303964447571,0.0100169309113587,0.00751005892020294,0.0092704119710217,0.00560670569720005,0.0192475939578249,0.0124782127385727,0.00967057525457025,0.0172519464991484,0.00938164676336943,0.00456831918689589,0.00750111112202201,0.00817337201971809,0.00872021568350736,0.0158739755423005,0.0091510788913818,0.00430039904477634,0.00762640802331212,0.0167434260233944,0.00700991343235837,0.010304075047571,0.00769307996321047,0.00656249519139979,0.0231908220397417,0.016203312502427,0.0144826583239278,0.0036234512143698,0.00823938583261937,0.00418764022588421,0.0159371005262273,0.0128492392110534,0.0123947032007902,0.00446483222894105,0.0109631962901177,0.0118793632273292,0.013744868533789,0.0156823226586338,0.00661941475250138,0.00968585606896412,0.00706095177551773,0.0103102169120776,0.0168972682077306,0.0115957668148653,0.0122580802292491,0.00769505927478585,0.00667408237629312,0.0144738381920493,0.0126656665126804,0.0140667621649963,0.0109223647943758,0.0135608774384103,0.00872285412486564,0.0051545566771787,0.0133414148611367,0.00971377691346916,0.00380193018014324,0.0182032989920238,0.00670129839395169,0.0189486340931698,0.0118970661373371,0.00591092284495752,0.00629632585397081,0.0245012453949219,0.0142369324755076,0.0108483662521956,0.0107466264345885,0.0104758575221032,0.00932182094690368,0.0193810697279234,0.0201930351086751,0.00787089578502777,0.0163228425835657,0.0181684866377164,0.0187450108456739,0.0142180222852989,0.0165987061221907,0.00435340954078204,0.0110904893873038,0.0215552076591008,0.0205055288492898,0.00845169066570367,0.00596617906478258,0.00911459365096294,0.0184959545118474,0.0126297584565322,0.0134893505661758,0.0139309428057755,0.0163157856437431,0.0146824530656135,0.00757169000798267,0.0069500643441648,0.00491760754915506,0.0119613346843097,0.00447243306248557,0.0109733554514142,0.0241509217364124,0.00640848639779706,0.0090283856632674,0.00428885059097136,0.00393115416150611,0.0131190212235042,0.00685651449113643,0.0143569610788128,0.0113132160372233,0.00711578568371613,0.0101833584269094,0.00383763146712588,0.0088756504789244,0.0132536072740302,0.0121142715473788,0.0146313489815501,0.00982514977905959,0.0115811912593563,0.00505485613451597,0.00701376277247556,0.0195189680613577,0.0108324377958553,0.0213025300536623,0.0127020432448342,0.0148054964469419,0.0148606687358885,0.0228505519201612,0.00483314650067126,0.0125892806855801,0.014828118663852,0.00546205694392634,0.00975198303597754,0.00768209355696513,0.0125932838508259,0.0100888735905121,0.00568219285375114,0.00528288287000774,0.0186394965480782,0.00888770209951097,0.00635717018810578,0.00691253416581972,0.00667387485828946,0.0128492276564776,0.00787621565492292,0.00642012896161687,0.00662671889077741,0.0107806348287298,0.0122321195041117,0.0117201931993097,0.0104194962841476,0.012726148988406,0.00836734707117252,0.0103584409866977,0.0113311366011581,0.0135961286842534,0.0141558570840499,0.0114469213377267,0.0207074798758902,0.010363386241141,0.0130044373441395,0.0129830305981823,0.00581131589482351,0.0125838192692223,0.0119767616972158,0.00384547869993052,0.0119643716615349,0.00516604655158243,0.0109526094558187,0.00651788254222498,0.00347912116030874,0.0102779065430213,0.0107565356722182,0.0075260730198945,0.0119099304881131,0.00644285101318306,0.0129775645013065,0.0257414859676168,0.00876183422033463,0.00705830803394932,0.00857307041372992,0.0118411210273596,0.00722346473785581,0.0118059920406503,0.0096303216653368,0.00561287318751378,0.0168323360250916,0.00634498160547953,0.0142726158055505,0.00571204218134982,0.00778304243170173,0.0129064538889742,0.021590480971755,0.0111582517641161,0.0114497892240323,0.0106645456841274,0.00788136310820646,0.00589374134668876,0.0132912490713635,0.00477847964260349,0.00894710703219986,0.00316519985430732,0.00956178087133377,0.00250397059356951,0.00467202827621819,0.00624174956847164,0.0113479146089809,0.0114017127603675,0.0124549411111454,0.00972171526501623,0.00587255740394882,0.00471093069805317,0.00835083219914749,0.0147046291763743,0.0164174758601814,0.0123189275085178,0.00482540745987129,0.0052038125347034,0.00681868530401338,0.01224111512679,0.0123976931584669,0.00926907914591729,0.0147901945662528,0.00698511220797354,0.0194211431401179,0.00778077670725673,0.0107940184068053,0.0160251604952916,0.0117166918436977,0.0126609864661043,0.00456444879983444,0.00813869852795947,0.0155382858318282,0.0169816107351305,0.00695489426364647,0.00959387311588326,0.0116541106116444,0.011722624144421,0.0078804063443549,0.0044012880675498,0.0171859320114486,0.00708658620652425,0.00734853565272609,0.0135141565204339,0.00790949264917819,0.013423654527379,0.00771613160537756,0.00712904467150188,0.0123329134660159,0.00991459955602133,0.013173799133173,0.0123086016609934,0.0213357228640901,0.0144239541909145,0.010195632954957,0.0188071441661916,0.0165427388122638,0.0106643397726086,0.0107928696890219,0.00609752140201969,0.0140027302555569,0.00954749339767232,0.0134091358507806,0.00588949190492368,0.0144565618590783,0.013064421267943,0.00850253152289382,0.0151992885853469,0.00543144394086814,0.00733803991684802,0.0206775810761486,0.00797744595842857,0.0087677000230425,0.00922375195300547,0.00644442073903336,0.00752862428557446,0.0164049005632162,0.0115923444027139,0.0169375401710053,0.0162943385741034,0.0145302194675717,0.0152334411301014,0.0170455760828451,0.0077548712155512,0.00823238561429957,0.0197184798846812,0.00858159871681065,0.0118263964425585,0.0106178542058342,0.00784842450778239,0.00820894604295676,0.00979881111624964,0.00998612974916785,0.014088531763541,0.0079490105092892,0.00787677182315997,0.00923213975680787,0.00955313500699506,0.00956690400543222,0.00847767629061306,0.00590279036057255,0.0107608655863458,0.0111588490917867,0.00847309888482162,0.0200080234743486,0.0156647840648761,0.0155142386866558,0.00602730365149447,0.00734424181365897,0.00491457643661257,0.00958351935226607,0.0107550316311498,0.0215765687967451,0.00808702844140219,0.0157930001631911,0.0133034535812169,0.00713434311542419,0.00662586738554681,0.0103486940448161,0.00925806264291233,0.0113416786170273,0.0173433162284397,0.0163144529250558,0.0142827336300464,0.00961269255888804,0.021102197589248,0.0106327626886658,0.00354647978506364,0.00620983355227273,0.0140478867063839,0.0098104920136831,0.0165664132007935,0.00872850056053548,0.00589073953742943,0.00597253002044644,0.00899514212566786,0.0102255045540664,0.00426373183043625,0.0164401753141575,0.0141670433921883,0.00479653416688647,0.00418058454896053,0.0105559068795172,0.00941693334144581,0.0187866414960909,0.00715680699142586,0.0121662773252085,0.0158022865379673,0.00486533340466596,0.00797696219593835,0.00525334370531733,0.00827892085097713,0.00614990513813559,0.0160234992979308,0.00689372974066934,0.0100198718626098,0.0105879749394247,0.0101787901283537,0.00727128042934894,0.00353427225048266,0.00691450134262223,0.0127976310029779,0.00856452615959356,0.0140342302467441,0.00866170134093741,0.0123097145655321,0.0202045765834944,0.00581679315567237,0.00709160123964168,0.00713189139627724,0.00752782839396712,0.00939808633589971,0.00313200822776416,0.0118902518289745,0.00698665040186064,0.00682901460953513,0.0057516960474681,0.00795635526350199,0.0145815877972322,0.0202050037266628,0.0109412382837272,0.00762456934119897,0.00543495579093482,0.0107088195729944,0.0101693122581921,0.0101789430068991,0.0029943111210888,0.00869927452443333,0.00792056997687287,0.0155133541646164,0.00673873560718482,0.00881526719035417,0.0104407708074336,0.0190602649713009,0.00669331417681855,0.00279817987620545,0.0150229221547837,0.0133801215431011,0.0129475332094726,0.00944708823328496,0.0111362772481218,0.0132371592456189,0.0178674327770231,0.00733157377333852,0.010761433460181,0.00674365460235588,0.0108297056241724,0.0126464506689253,0.0130883154104681,0.0067551207677055,0.015224197940928,0.015851393267768,0.00867427680384297,0.00602711761684383,0.0159451275025748,0.0162929594661087,0.0081212590594726,0.00343411195230575,0.00955322503261438,0.00841745220944617,0.0178593386870816,0.0148907436092525,0.00389714565171064,0.021131270016451,0.0222514035025042,0.0197128160919333,0.0057526858678843,0.00747490446052096,0.00966464104045208,0.0117597493420585,0.0139798367424628,0.0145045254119175,0.00800333952853294,0.00918703643697623,0.00662390761372496,0.00458880304056593,0.0105472226322167,0.0107234489034299,0.00553289163586172,0.0165246905468057,0.00800265554576087,0.00473641853107609,0.0125117877315433,0.00392061785458977,0.00538356108306802,0.0249698789995209,0.0154701223017438,0.0208639787835177,0.0131937311426705,0.0124862681913967,0.00848038240907339,0.00869962772898064,0.00804199686457541,0.0158475026206688,0.012655123704588,0.00778848030311521,0.00992615244042059,0.00608509260832489,0.00439102038944927,0.00715826168711266,0.00659474885850777,0.00977228634316531,0.00771411616898891,0.00592586448578343,0.0101689130330076,0.00847181630060873,0.00407532521118822,0.00731516649181135,0.016186475621564,0.0103853241991943,0.00918511551073919,0.00557049355193488,0.00709936621652546,0.0154370353173623,0.00473797791134345,0.0188325801683883,0.00823823299232024,0.0109426231651056,0.0129816976036317,0.00814320715010549,0.00541202039343998,0.0122237476429133,0.012806455028611,0.00454780017644267,0.00813426732476519,0.0038731074244143,0.011216119635783,0.00429409874436447,0.0156818497777182,0.00691902374443139,0.0114513476129472,0.0158762225597011,0.0132934920371809,0.00738987036474692,0.0112988204455074,0.0193553910593554,0.00645231829164872,0.00569419326187443,0.0108897000232562,0.0105040119534979,0.00937221494155751,0.011567473105714,0.00049643882382779,0.00646179321900766,0.0118157235167845,0.00892592585012486,0.0124823328907271,0.00875521300089249,0.013209261442883,0.0142854674905224,0.01195376677781,0.0092626524752185,0.0137888475229743,0.0037625163766723,0.00441265310108772,0.0123406140481477,0.00396929231484459,0.012978118417559,0.0132422859494554,0.00975981635060404,0.0107550415268198,0.0181191893902234,0.00412014654263304,0.0175336417610701,0.00833593056889219,0.00484622102073797,0.0129183540044287,0.00255763836395343,0.01063195954972,0.00873329128683538,0.00827436736238892,0.0128578545945529,0.00836796141880207,0.0159904346394724,0.00801448568328935,0.00702934949405841,0.00433851978346332,0.0170687240585839,0.0091850696365115,0.010425489142955,0.00439708236034468,0.00642112398925534,0.0061911525970181,0.00865084880745413,0.00566045045523041,0.00815348465354634,0.00499657898814002,0.0152397849247015,0.0149988139681236,0.00872858257280638,0.0184127107557169,0.0154024529037528,0.00219951858066989,0.0136041929866951,0.0117397793583801,0.0124890384162169,0.00661090949221519,0.00554592035724042,0.00968734188268022,0.0173745182911998,0.00403757946232604,0.00860143898707444,0.0209836457351432,0.0135524530495179,0.0187280099248211,0.0106529492974798,0.00753738322508085,0.00436181591440443,0.0153259631879914,0.00841723176590381,0.0155163317799354,0.00251828625253172,0.0191547756935463,0.0173379718068791,0.00871602246865309,0.0134119910107379,0.015539326433936,0.00887843643718052,0.0151177137389014,0.0261901906448744,0.00824582460955255,0.00632536180640244,0.00863783308764438,0.00666971568684949,0.0240430079683962,0.00917551254651977,0.00662380360296375,0.00797111869072042,0.0115854625639473,0.01365480036784,0.00705271276082359,0.0115352582754544,0.0090062903471179,0.00909087781532917,0.0160096855059958,0.00483029518270152,0.00495277247249735,0.00536600271967184,0.00924535429698094,0.00861396300930192,0.0128156809601543,0.0112412962835727,0.0211396438396226,0.00797174693575955,0.00888272931713407,0.00887442767933429,0.0090809727683547,0.00972481735271722,0.0102882791040363,0.00679079276436591,0.0059352545946655,0.00652917444122072,0.0113310640469795,0.00723906197565094,0.0179182208407605,0.00834863340396487,0.00418078849068981,0.00473953469316222,0.0149868225111989,0.0316764095349831,0.0109885950138109,0.00974114195300071,0.0114283223428156,0.0146203466185826,0.00821372205971891,0.0188075500723863,0.012208988788936,0.0118735245522696,0.0107330427073435,0.00528403422730848,0.0110229720697741,0.00723698235336852,0.00564713125920024,0.00784466812455094,0.00704183570733019,0.00857882946319932,0.018050103545088,0.00551488621153025,0.0246002948010294,0.0158601986048112,0.00403549889763964,0.00689832490650884,0.0177208437922517,0.00528285362231999,0.0157568377946024,0.0092563668531744,0.0123036959480202,0.00716482259205338,0.00995565032492019,0.0125494040553402,0.0104339454189153,0.00913903539929939,0.00893699978095395,0.0126073617831263,0.0123232184353423,0.0188053951348402,0.0099857882806992,0.0128078924583585,0.0104606581812294,0.0086569335563535,0.018077975958167,0.0121661332753974,0.00811394201416288,0.0155068597947972,0.0117219691005255,0.00542958105541974,0.00479215210778378,0.0102477090356057,0.00427915539872102,0.00783506032270056,0.0234116689437548,0.00657857648902384,0.00535599137989277,0.0104002383362277,0.0102162282635292,0.0129903108409072,0.0115953917126259,0.00587357551575742,0.00721924133729651,0.00634978225231693,0.00754462107821271,0.0113349073507112,0.00933849720815385,0.0126443865051486,0.0124152606791554,0.00486621776613209,0.0220305845082698,0.00886040380697709,0.0111877925090734,0.00901014806542068,0.0234988340032886,0.0102523191019138,0.0110082301911354,0.00888319507381991,0.00599950528820877,0.00976401266813135,0.0185167173973113,0.0151163456165429,0.0122711435610998,0.0186872839132949,0.0103405014277021,0.0153029096901121,0.014889304352233,0.00692877533292593,0.0104573576485928,0.0118582838060155,0.00650999033040893,0.00470477564403404,0.0132334497154134,0.0107329659182942,0.00760136528656263,0.00740552911980027,0.00660013485593769,0.00942090620396755,0.0114996698889497,0.0133455376906773,0.0114816361702192,0.0125572469890081,0.0111517537613981,0.0100374588809573,0.00943577706014328,0.00351692556123392,0.00815504192554985,0.00366553481695227,0.0114109422610464,0.0129187408476144,0.010235988332726,0.00751978927880825,0.012373731272122,0.0105474319817432,0.0132026980773274,0.00771522400353475,0.0092493992910066,0.00697620166468306,0.0107433743328781,0.014015291680279,0.00804504164602012,0.00642704017609617,0.0122681922365824,0.0105691213722614,0.0134426745559906,0.010310271520072,0.0120971856142229,0.0129300812835201,0.00731753109362767,0.0172207422626063,0.0153279842162481,0.00223823114625562,0.00496199612165101,0.00732248692463174,0.0119497629414794,0.0104624773412573,0.0157140819081896,0.0111009212487816,0.00825439146579513,0.0158836667487621,0.00424141487013317,0.0111879889919564,0.011429701625347,0.0108083900946706,0.00944581867661724,0.0198727454273126,0.00393328940913693,0.0112633040621797,0.0186378651707021,0.0220095499380628,0.00999953515852292,0.0094093015173154,0.00951065585043629,0.00750306839431506,0.0128853469242912,0.00986773904666877,0.0185361036694263,0.0130058223960287,0.0109814104337838,0.00903823258283572,0.0121892411692194,0.0102849472198434,0.0139337329181014,0.00384998975425738,0.0108895900890771,0.0172166694801149,0.00940208632579187,0.00842368687984313,0.0176098491868689,0.0129818514016872,0.0189462035134895,0.0173589388413027,0.00496446529363725,0.0127380260076144,0.0132596897098982,0.0207826793912188,0.0113393563107913,0.00860723091587188,0.0109852896815929,0.00539242775140778,0.00564922494344707,0.0101204047426196,0.00639113841025398,0.0147536324329609,0.0095352089697416,0.00439257845765093,0.0168194443407226,0.00870949609234645,0.0103783908115507,0.0160864928328334,0.0115690241650788,0.0215937283531207,0.00350150060687702,0.0079797154607628,0.0113379026223231,0.00564639962747608,0.00648093092280944,0.0127064306750091,0.00454106243900101,0.0126297917482377,0.00905259584720151,0.0140302030103296,0.00837926994715023,0.00772533364454274,0.00291591204129327,0.0172512610994516,0.0141911416881709,0.00415438311380491,0.00754514887635943,0.022672177537844,0.00573621483531304,0.0064774282724599,0.00824462137135881,0.0141671912486993,0.010951113333177,0.0139792975254748,0.00657836683355612,0.0107852606762002,0.00676224796996107,0.0106655573288566,0.00618608289284274,0.0201273745308108,0.00597439193207894,0.0324717772643,0.0133098616374679,0.0120510181481511,0.00707777622044518,0.00792487462328156,0.0115788290187423,0.0201119696876844,0.00632308881734326,0.00581644023592887,0.00991598462815663,0.0130568852839869,0.0129101273152507,0.0209554037807095,0.00543373180514845,0.00690500744564439,0.0152059762310751,0.0235632452040671,0.0123059447214134,0.0113881081054723,0.0157165194687954,0.0100431391383501,0.0100946046604101,0.00859956368243749,0.0116911965529214,0.00909717197934693,0.0141773209585077,0.00770269782576309,0.00893180516132064,0.0112840373719519,0.0207194839535565,0.00814221637570558,0.0175373114961513,0.011924876296259,0.0149034925449719,0.00299457113282364,0.0122782652308581,0.0122268160515778,0.00562937095279298,0.0141547457393671,0.0165187862123877,0.00795093945986671,0.00523073294882204,0.01706344126015,0.0126502096320448,0.00907745231343308,0.0131837909383025,0.00926708257823144,0.014250915797416,0.0143382989943432,0.0126215461676302,0.0120262044533284,0.00803018823918816,0.0120830683610326,0.0106532759427532,0.0046503808077133,0.0133898050302774,0.0118966399560307,0.0111014141896627,0.0210534689512212,0.00453139121849525,0.00678459731377819,0.0143575519582944,0.0126147666687593,0.0119370988825343,0.00907287372055898,0.0135477836248872,0.00595896916340259,0.0149557332666336,0.00230605567525286,0.0117815897229043,0.00356942985881544,0.00371669059842098,0.012145233879867,0.00815526344310356,0.00442419600607916,0.0177681582345367,0.00827342853782561,0.0122059972325393,0.0222260093309774,0.0156490778874584,0.00658312294009276,0.00580356119801621,0.0153356142956025,0.00285776396292309,0.00557706058789718,0.00472075797532197,0.0205022611636898,0.00574744553301276,0.0175481195259505,0.016921166522949,0.00583077892506136,0.0144122262014615,0.0230504645640163,0.00848060498054774,0.00420584780759931,0.00580583464304914,0.0134549650075381,0.00916890808324903,0.0159990311224725,0.010730782140554,0.00712787958704499,0.0113204187814461,0.0235604630113077,0.0117517990361966,0.00752260679562837,0.00718250511043933,0.00583172178329914,0.00953179640023833,0.00521268077857541,0.00825947542728195,0.00361056879864126,0.0114836643168458,0.0197183410805165,0.0107803345631598,0.00844905080904268,0.0115023533135501,0.0270075218975553,0.00268826398992552,0.0106880084017009,0.0185256743205143,0.010394368668459,0.00984548075076208,0.00330659211491369,0.00795762862513063,0.00985844125172451,0.0124406048908988,0.0144807012858203,0.00681233798241787,0.00899046002325119,0.00649126230285839,0.0134285076918691,0.0173143887063172,0.00939761559615437,0.0124295571470341,0.0135763373540567,0.0120284204222662,0.0173261907526867,0.00533703755468011,0.0168420895258737,0.00712627692736958,0.0146184391256885,0.0158335106477141,0.0130736935679891,0.00951248957702476,0.00369762899641849,0.0164565436382421,0.0111983013198168,0.00759320909014645,0.00724411925074657,0.00585280197734299,0.00595455882881194,0.0100605550719829,0.0114874509987013,0.0164352405283346,0.0191091844953493,0.0136810703262141,0.0101707679952639,0.0163784262344643,0.0128302235829881,0.0255141503210156,0.0075516755867777,0.00688662716059278,0.0048057573872276,0.00363674220336513,0.0121980595950608,0.00793493863376136,0.0140083563097805,0.0140786207878124,0.00961633990868762,0.00597763584652244,0.00900730414544348,0.0106172022415467,0.00781593167525039,0.0103914277048411,0.011145050311982,0.020602289543767,0.00561297599111016,0.00412848511392463,0.0117149887422268,0.00902156212511392,0.0141958585938444,0.0149356750345251,0.0106497660756282,0.0154927651923579,0.0102068725833446,0.00751977193400298,0.0143664194684526,0.027057158778771,0.00848826188765535,0.0111958855943387,0.0180001917650411,0.0135741887882364,0.00640202226200063,0.0106882972712345,0.00332509021826756,0.0105435858759515,0.00697210135333489,0.009264218630173,0.00647922497805006,0.00470814727969561,0.00574520393086198,0.0216889413251173,0.00651738469693454,0.00908434349120078,0.00371994527090711,0.00603827141966046,0.0156379078989307,0.0095122336970271,0.00387729718124421,0.0139870314926589,0.0104574981912693,0.00888923540375384,0.00655577662129784,0.0114842472247396,0.00917020684238682,0.0128768852563766,0.00632191762319628,0.00571344487551145,0.014458714845865,0.0147319413736262,0.0133297643403757,0.0078929294299774,0.00488726538690504,0.0188021689062882,0.00848786483013401,0.0140053885121649,0.0181584499349718,0.00525269236880247,0.00207253501421673,0.0153284627373333,0.0188802245049765,0.00572361174643859,0.00574292187655989,0.0194204953502391,0.00940746300314022,0.0103691452578697,0.00194595624281946,0.0102445063869753,0.0213023776320836,0.0178313454903642,0.00753657687607886,0.00564999062259969,0.0164526069332609,0.0116359359016412,0.00282793705785459,0.00997836297725163,0.00969064655131206,0.00528244502575516,0.0107041785889455,0.00854123370456019,0.0114525899027187,0.00667863213462146,0.0085977304367611,0.0122946310825628,0.00850141523108663,0.00942840951117234,0.00719235727891761,0.00880423936049749,0.00651202920362554,0.0119294979437388,0.0129383382386883,0.00321387063270249,0.00378977224449869,0.00834488754091543,0.00696980059162962,0.0122569862970779,0.00784282063074576,0.0091600405323369,0.00878572138309834,0.00753383845912995,0.00498707493532126,0.0101135149551632,0.0111164077915443,0.0147843011685073,0.00609829019127304,0.0129427589838598,0.0119284509483464,0.00602335921712723,0.00525655624047148,0.0137685548407699,0.00842350741743616,0.00538669190873973,0.0112656119849003,0.0105126362614136,0.00902816035681664,0.00585222022882814,0.0108259800206193,0.00600741633513067,0.00992337787220749,0.00818783896124194,0.0178108536853904,0.00942105161723457,0.00887169911179294,0.0109681126784792,0.0114847560510363,0.00600354260970609,0.0110184425377328,0.00673594647803697,0.00876508500404932,0.0113836826621945,0.00499983342756013,0.00645408870910219,0.0109303394589239,0.0044418271515936,0.00708362770678023,0.0179982016657095,0.0127962284811058,0.00891736349171426,0.00806454543746482,0.0110238420349279,0.0099314769568589,0.0107135206281361,0.00671742474166343,0.00727179230744155,0.00160434612771748,0.0100009066529885,0.0183743186406378,0.00644990764048614,0.00787737610646205,0.010240784321152,0.0131875310500001,0.0118099395981247,0.0185355128173738,0.00739991505953349,0.00631942108838403,0.0115371719924706,0.0104307114374989,0.0132523669495151,0.0121107066661854,0.0101396803792929,0.0153342696492347,0.00618120501555123,0.00581321358549956,0.00674996015953809,0.00744841423674743,0.0105066837721404,0.00475470444989762,0.0118657733386973,0.00540524723476045,0.0109980987053933,0.0105034425615747,0.00509173847712831,0.00831701172617398,0.00990677403252728,0.0115718356837235,0.0147750101384244,0.0307038468748375,0.00531071860689813,0.00422587000357555,0.00509298074842562,0.00589860126730825,0.0102462706205429,0.00872977809627207,0.00559739402441226,0.0169191981849364,0.00775126151421601,0.0180513306815232,0.0183887712471598,0.0123947295564942,0.00483438527954505,0.0131896379889055,0.00841272606210378,0.0149034827652506,0.0143454812022049,0.0128536584008827,0.0112117321421202,0.00961963812093005,0.00912337250206517,0.00597431056148101,0.0170368251190258,0.016909980151881,0.00583566809082925,0.0123907076241718,0.0108842781420614,0.00944676635630659,0.00975374887257491,0.00668457801802182,0.0110801393091383,0.0122435375954209,0.0127404107616823,0.0166902943644239,0.00666925387075257,0.00455240433673308,0.0194124888754535,0.00916562098532966,0.0151919766960325,0.013283032374386,0.00469299813050827,0.00800814202317009,0.0058401033611441,0.0101917468050495,0.00744674579523019,0.00475659128884718,0.00541324423188899,0.0211754519348709,0.0131532970314775,0.00451431142276678,0.00533396532329624,0.00753622514293315,0.0132876312149866,0.015205443083387,0.0228424658116454,0.00238069204978627,0.0176299012179786,0.0134260500210532,0.0118129854736933,0.00549321335387093,0.00476737480685792,0.0134478227108527,0.0138666730140494,0.00953485613726907,0.00788430820828642,0.0143464354406292,0.00355820242265168,0.0107331449166283,0.00839399776787777,0.00891927859678147,0.0129861017204939,0.00907477903465561,0.0427701193898533,0.0167921357042637,0.0208179396951596,0.0203167301800633,0.0090744003611089,0.016096688110773,0.0132979016912025,0.00710914675757535,0.0111586683443998,0.00420191990200321,0.0137065922670456,0.00781534809994185,0.0117896960788768,0.00295959836544779,0.0130551382440355,0.00907535264333061,0.013751264524869,0.0113532378159259,0.00752831385398424,0.0132048407428415,0.0107962861366022,0.0123635088951195,0.00551649659566581,0.0237034156891868,0.00481020235940111,0.0147726935565566,0.00625630544876811,0.0166023267326488,0.00584409981622587,0.00290635406359339,0.0139017850011863,0.0282995310413167,0.0086595384577326,0.0100008197929183,0.0106448572017022,0.00393481575282267,0.00494890630237003,0.00672243852346841,0.00368999050478832,0.00932859535442989,0.0107861655386262,0.00843801108904481,0.00835949287779743,0.0137092407545525,0.00362964971218371,0.00170763608759559,0.00523744699117849,0.00723549815705238,0.0122148659928218,0.00612101380907656,0.00946033613287354,0.0173134935352509,0.0113478686214256,0.00707710653915746,0.00655285696042588,0.00906632673553122,0.0105206399421718,0.0100778337055147,0.0257016490119774,0.0115226901844024,0.00812761692931187,0.0108620356093696,0.00430353036757612,0.00586498222349807,0.00585222557774323,0.0101518258226795,0.0150406342438985,0.00785407482978556,0.0100285325883181,0.0146709423037078,0.0283254115793312,0.0153728709604226,0.0104711765390191,0.0060248314815361,0.0201816484722822,0.0142597541376172,0.00952392552679695,0.0128286833443644,0.0137057001654321,0.0129358645000877,0.0113610021140082,0.00692197017683762,0.00645040190356268,0.00864047896369271,0.0109758834574531,0.0126810741573621,0.0162757518247662,0.00421894421801848,0.0153510513114392,0.00899981055569491,0.00982232636529928,0.0118623987643665,0.0107616397900331,0.0203950266562349,0.0152929061392109,0.0106044688261329,0.0127818107079018,0.00894276911600211,0.00717174282571165,0.0119952932259761,0.0166433118902729,0.007284917145924,0.00715637538682464,0.00575184269615192,0.0126754642502337,0.00709669162004769,0.0104803247163796,0.0172831261530929,0.010570504567292,0.0101781685754794,0.0103815895819567,0.014437182762733,0.00354557176282507,0.00992734906780333,0.0111636292859011,0.0154217448566259,0.00759330601663046,0.0107423590273759,0.0113149567027533,0.0107918449130406,0.00284914274619152,0.00743897110222678,0.010460966867083,0.0100238979451751,0.00682223572461344,0.0160760835871528,0.0108488850611412,0.00817451115120617,0.00833872256249848,0.00769293216122243,0.0117638609444142,0.0141555156750578,0.0090821618868784,0.0145980353830626,0.00552859090730286,0.0110989147223973,0.0184767378885391,0.0130794635486807,0.0148928376465431,0.0148585166997872,0.0113825295466935,0.0121461918526856,0.0163969562675721,0.00910742940418019,0.0122288932170496,0.00706241563624188,0.0145217890258018,0.0141343528280422,0.00776493618557374,0.0127332210162868,0.00741820309372835,0.0151916059746005,0.0152845099880342,0.0222011849851156,0.0184808172901173,0.00988859926233767,0.0107545743988737,0.0071450622999509,0.0183945977286078,0.0259695415144142,0.0100829115144326,0.0119426224457853,0.0223799056201924,0.0121074126563999,0.0144831546395878,0.023843612595652,0.00671995883572465,0.0122159403637651,0.0124785982636702,0.0072885838571608,0.0140425521705511,0.0169182506989864,0.016674272926752,0.00923986756116095,0.00973271508091206,0.00418433748333398,0.018098595522836,0.00701893123964366,0.0125969635082987,0.0141778827144118,0.0102846641702759,0.00604628898567044,0.00943193377021804,0.0105297893977222,0.0101161141429236,0.0126088783593445,0.0171028517631387,0.013261947509475,0.00540294972087133,0.00300854498117414,0.00754863083999111,0.0248846223085136,0.0215146456910166,0.0230877565595418,0.00609485532973988,0.00913244796757244,0.0157055223424884,0.00948873455462864,0.00552505857320059,0.00548816085116764,0.00672795855792552,0.00312956754704413,0.00550471624077211,0.0136467660784638,0.00901478613291353,0.00798432278649502,0.0226799650539079,0.00745464508393331,0.00913396906881057,0.00652371044933238,0.00938844307363164,0.0183656189340641,0.0262525525038505,0.00730594780043155,0.00352068887224631,0.0195203391697263,0.00641659872264298,0.00291070667377521,0.00700364750708889,0.0151862256829849,0.00606239022860801,0.0065103429184575,0.00368957081623574,0.0164229974505277,0.00344626956398906,0.0129729415528892,0.0203637202699233,0.00853655323024235,0.010893584140304,0.00611905205880873,0.0229746477596547,0.0109229309941526,0.0134367172857728,0.00714286138218628,0.0155770876036166,0.00964453299925674,0.00657019446685664,0.0199385448225832,0.0198536926295404,0.0139920942491126,0.0172871898868777,0.0148154566453827,0.00543907145201165,0.0102763303453132,0.00589757331438073,0.0081050047638561,0.0257196767244113,0.00705675931088743,0.00841366341194697,0.0135056426040642,0.0113401150809333,0.0053311957137552,0.0033097536774731,0.0095760210505144,0.00514754960226022,0.0101902919963752,0.00681433632985607,0.00559216207309003,0.0134628833653625,0.0105616872199766,0.00796552766524043,0.00637574791633146,0.0187741352666991,0.00693921613387904,0.00900285410176412,0.00693094913640056,0.0132543034669729,0.0133036400230813,0.00835207261550206,0.00842014149491014,0.0151579681408544,0.00782593866081888,0.0114804894923124,0.0050133698578946,0.00388815129889242,0.0163112092836819,0.0128061584406882,0.00719991685417435,0.00912937823182099,0.0241834961758533,0.00501040605818951,0.0129138753665976,0.00782138066609583,0.0104118536162621,0.0136654925298793,0.00923738151236051,0.0106476031232328,0.00697616816702943,0.00892471776926385,0.00971534752398465,0.012727946222644,0.0184307332390677,0.00759859743567544,0.00434558404886903,0.0137240946585596,0.0192380217884542,0.0109217570132126,0.00653059719652469,0.0161691138872244,0.00914593345166209,0.00941130595189416,0.0144766054496625,0.00576507133637111,0.0132999070500709,0.00781473467726969,0.0215088655745777,0.0258796273704472,0.0129678496926734,0.00946052794597393,0.00921517528539713,0.00642442434438804,0.0039915926079781,0.0132240866041095,0.00554199826787342,0.00909482593734249,0.00908867460228378,0.0148845190909509,0.00841069413467541,0.00487534097731946,0.00734085449928692,0.00689251185943761,0.0157241518231821,0.0111874899894187,0.00712473843953088,0.00315928257338829,0.0142519740789812,0.00644712316388787,0.0135125276803594,0.00510518934719789,0.00782163607524459,0.00809439963938519,0.00820697795091644,0.0121527879692483,0.0048361412055428,0.0100483400719922,0.0122874112099095,0.00680095216211973,0.0195544093043632,0.0221871024651842,0.0103529466830842,0.0149705596846287,0.0114414991720948,0.0143684702935504,0.00732111657318659,0.0125838429388904,0.00642385162325546,0.00382571023771163,0.0193918794091485,0.0137161262253654,0.00744566771790537,0.00664272812609544,0.0149784701953571,0.00501132421264555,0.0160644502293546,0.0132570187293973,0.0132918798522831,0.00947545421961066,0.00552366303007238,0.00738606137880558,0.0165294846971728,0.0144517901919854,0.0125794162174144,0.00487386901707372,0.0103975845424557,0.0163856984904889,0.0171530471288979,0.00614529581982533,0.00629413786821496,0.00890058693465677,0.00311234957539169,0.00365324873983384,0.0172554567166569,0.0154055068788252,0.00436025323975385,0.0108296610985022,0.00995213840050839,0.0138140230760589,0.0117786224031922,0.00780111830976308,0.0151713376995897,0.0289804054563239,0.0111288580859921,0.00914925461658641,0.010774461807881,0.0079720237593419,0.014902048206957,0.0188485281144622,0.0086415722884576,0.00978472824545594,0.00896869284047092,0.010078656308938,0.0110879326103289,0.0122754090315774,0.0156332600227577,0.00759514949686045,0.0152340091746017,0.00521157801784616,0.00997183236643449,0.018392313056137,0.0108938946827025,0.0118047519314915,0.00866633814255152,0.0131801927151679,0.0115795153638984,0.0148656058457799,0.0116712476343523,0.00596020300353337,0.0196499327326213,0.00731006542286404,0.00758070891979906,0.0120779381681565,0.0166818154934132,0.0127527745368112,0.0202590477705982,0.0218648109078911,0.0171396797828699,0.0119696768630081,0.00637238097776606,0.00662479622027743,0.00703498111255341,0.00635339859151914,0.0045478822535643,0.0126668076865995,0.0121525316197569,0.00781611170162337,0.00348381691786935,0.00324694613679596,0.0125794160308129,0.0128214402782007,0.00570553783955559,0.00670812628440187,0.0076129074369802,0.0115909629608982,0.00474762484998901,0.00676402433953766,0.00931463369001956,0.0062787894131177,0.0112785000715213,0.0105244791380436,0.00794975970638212,0.00208044040816726,0.0125026142700945,0.00729122661863583,0.009657763894701,0.0155497803259421,0.00684778026867193,0.0114961310633829,0.00886352658563581,0.0115420665862447,0.0113515810770559,0.00817744213590282,0.0114420644266742,0.00435654251698605,0.0168955443753872,0.00785978053589823,0.0153901758505221,0.0160785209086123,0.0070428094366996,0.00910606059162465,0.00634079171968897,0.0214614088526306,0.0054829581250333,0.0161188168107844,0.00665287290402459,0.00936508551512912,0.0174089489478476,0.0176694912502648,0.0186140777703571,0.0203508924184487,0.0152328050503816,0.0166339860980731,0.00894630187616891,0.00445480869485467,0.0117232904410454,0.0094222521307998,0.00818843792390587,0.00977121645474111,0.00401765892960761,0.0167940883617687,0.00292785473308658,0.00442124343808945,0.0156905227065437,0.00856935114913737,0.0150323159791739,0.00365719676136737,0.00642720404681043,0.00957815867027168,0.0133166462369872,0.0105927004908006,0.0137300782435692,0.00907680000700994,0.00433615175705256,0.0172627456374201,0.00266291424256226,0.00853339261817038,0.0120148554190784,0.0058874984727514,0.0175482966456985,0.00661005673272245,0.0069231278267828,0.0133348508819173,0.0114863138400977,0.0225201903450079,0.0145848766374932,0.0144373945931898,0.00893324312315565,0.0131553434835223,0.00391862925010537,0.00888465049127209,0.00916905504293471,0.0116130074652562,0.0122815576611612,0.0188728750292365,0.00669398638653222,0.0151576971501186,0.0160211512078143,0.0162378169936339,0.0049081572037199,0.0168259897261421,0.0133809924059187,0.014813938460832,0.0052482092548806,0.0117704389796947,0.00138166102570625,0.0262080428049485,0.00598576286565809,0.00363584673244031,0.00633469657184153,0.0193152094792517,0.0115236719355719,0.0164693987574246,0.0161430541863074,0.00855497963918025,0.0116341378294174,0.00625639473058659,0.0181982615557402,0.0142034981250691,0.00676680328473102,0.0102642169012563,0.0131754830060823,0.00707684291407109,0.0117154608659951,0.009091527333956,0.00145568369348339,0.0146257334616658,0.0061985501213373,0.0122150689469602,0.0122418436091084,0.00920245636076959,0.00402579149762213,0.00547468988831962,0.0133438593740481,0.00634613794643696,0.00857233114243542,0.0118720868368047,0.00782304146532128,0.0205123613458922,0.0175617332467065,0.0113410778644867,0.00748551311672624,0.0154185144286724,0.0133167104088414,0.00599232228747193,0.00441436909600307,0.00959166877265161,0.0115907200619929,0.00669528389331096,0.00724130824154706,0.00484578292246807,0.0127681195010585,0.0125183246845348,0.0237015866884047,0.0106766741136156,0.00657855128702212,0.00755889253070752,0.0011236238767479,0.00931586825793405,0.0120518738965694,0.010151812834562,0.0196648634446808,0.0122621267242426,0.0083141614607836,0.00533253118290448,0.0113769637941924,0.0220250390227335,0.0229649263801509,0.0100987655048752,0.017040300171212,0.00199628305772557,0.00837588457118743,0.00868653055153449,0.00671338815330639,0.00566045489853854,0.0181137491974244,0.00790887099192961,0.0139804063923424,0.00876190501644316,0.0169270444065132,0.0103536588111618,0.0156350413472193,0.0083061160685675,0.0160676147928219,0.0169514746211166,0.0126345401509451,0.00971145661679756,0.0061646649981173,0.00695662964137025,0.011581635597319,0.008303553070985,0.00877254068470568,0.017749114046364,0.0194426386710291,0.0119484215510275,0.00774056825304426,0.0243099334663678,0.00381025780743751,0.00756893811296339,0.00862165271464775,0.0118326097625778,0.00682272935352613,0.00962630955825981,0.0112556241557788,0.0032145993966376,0.00970697808909924,0.00640290856570541,0.0225730514596371,0.0104467059332238,0.0140313840355264,0.0113968069259813,0.0196670808766552,0.0095334815200994,0.0141101784449619,0.0165171365051652,0.00509830132311068,0.00959052089364611,0.00560758365541727,0.0120798409759859,0.00849573927110329,0.0174652320890467,0.00909807855927934,0.0147221504193708,0.0158712584288656,0.0248655952060261,0.0170699680450223,0.00366501773829422,0.0191162162883472,0.0144119275795716,0.0174082082612786,0.00953615232662073,0.00762715252159039,0.0106118605392472,0.00872307917427169,0.0105568798337731,0.0119208058031328,0.014864694978008,0.00624102099394371,0.00322552031045955,0.00457714707112413,0.0121792485856696,0.00622619953875793,0.0132814227787182,0.00666830040544064,0.00906640535197292,0.00474792551148634,0.00616787594112866,0.0129088575650687,0.00554653706509354,0.0110868766384461,0.0111329664370036,0.00479226291869358,0.0110113416906283,0.0231033040601974,0.029255303783277,0.00341304866112898,0.00222678953210748,0.00899239557760795,0.00777299784967211,0.00489339211232788,0.0119894772725883,0.0140444315473483,0.00693256197284781,0.0123018322777016,0.0105795937685736,0.012176291584459,0.0109704078777875,0.00814684314315276,0.00788447611979835,0.0094392103543577,0.0100234363647071,0.0161346666386863,0.00806999554553565,0.0143626821139369,0.0048757480807155,0.00878508812538179,0.00716630220533909,0.00660360184343743,0.0101096988883857,0.010387445719039,0.011179098461292,0.0111376935435685,0.00512965152957734,0.0104995433595885,0.00983746332938318,0.00733445233340287,0.0132669027519413,0.00715271646256756,0.0106233209694451,0.0138142454661192,0.0196031603248338,0.00879320342834653,0.00849549521093686,0.0101801231212438,0.0104294624277398,0.00766044515412948,0.00870504116140815,0.0119937061492773,0.00495004549786497,0.0116368101034702,0.007638020768114,0.00769746242697641,0.0151850696450851,0.00597713951001511,0.0195820877258916,0.0124042350161283,0.0178049888788419,0.00485518887862611,0.0116668149157773,0.00456188018095301,0.0163665008481329,0.00979898727977851,0.00694797526481563,0.0324712788286209,0.00335004214527993,0.00373008990261816,0.00992895425687555,0.00916287086228705,0.0178924578344249,0.00502351056457741,0.0112451124952548,0.006873613301511,0.0101289867352967,0.00210949378778454,0.0108271474250406,0.00875534071448749,0.0126049751196186,0.00248710716010483,0.00565679776751103,0.0136483588700667,0.00690667698972749,0.0104463769591683,0.00909907311054942,0.00770580443250078,0.0134107462337117,0.0130226665461527,0.00306238653537559,0.0119581889391003,0.0103040298044734,0.0174742259691742,0.00420355853089677,0.0195654280743291,0.00791686245965688,0.0142690914936796,0.0121430860486505,0.013807635725786,0.0154856867620965,0.0145916947060852,0.00595404925818686,0.00669853569158852,0.0110092704218965,0.0119628461691091,0.00627017687162695,0.0123188714631113,0.0143734516802024,0.00930799630267467,0.0056234038688055,0.0151870075729429,0.00371431046676942,0.0200795048441752,0.0100446950092232,0.00913683717192696,0.0105526484553775,0.00634465765295505,0.00748023428363531,0.00728085021518826,0.0107518313936029,0.0110460848191232,0.0161115430373434,0.00761645083023062,0.00800298378149855,0.0123006102115779,0.0145043282783127,0.0120707515599507,0.0196068589266383,0.0102051241607191,0.00565001991510578,0.00390554576595068,0.011333671053469,0.002916681622301,0.00663267879220146,0.0043005823915331,0.0160296787229852,0.0119808419828016,0.00606641009836325,0.00850940772257743,0.0239307081425764,0.0149227656828453,0.020811494635212,0.007587385991904,0.0177324525294578,0.00698010573053352,0.00816093677522856,0.00283308970813656,0.00629212629428953,0.00985287836037528,0.0109567402410955,0.00647678744249195,0.00991501271978723,0.0119770384541314,0.0135317699510258,0.0110157185061679,0.0130968814895513,0.00807863336514993,0.00588400414995194,0.00946930372111173,0.00668092787618629,0.00843121707345988,0.0227085981981937,0.00686433304618086,0.00641117421723399,0.0133418197879587,0.0226924728272189,0.00945344189455799,0.0152556891102774,0.0194034931466148,0.011061037280158,0.00324190793990616,0.00504926929018488,0.00892370117580177,0.0142401139052325,0.0132820242639658,0.012772346215607,0.011352601038028,0.0087935884036295,0.0117607770502753,0.00651883391637131,0.00526137125003629,0.00463591057598115,0.0131423677132678,0.00658460804989253,0.0105887086711365,0.00567380289611536,0.00889420582739605,0.0241548460743053,0.0113002615377453,0.0128172536848197,0.00905399834332283,0.00431453408744392,0.00476009568331755,0.00978913439233818,0.00439465894500694,0.0162984062288529,0.0116232770711548,0.00944159011679508,0.0173829700327722,0.00989890735404943,0.00841931431259687,0.0181505845186061,0.0186537735209227,0.00760584792332558,0.00812955368049376,0.0150220634435072,0.00535594260678433,0.00404972745234792,0.00831849959025264,0.0146485051475096,0.011417378033912,0.0103256583201381,0.0178389005390167,0.0140840192235255,0.00547271007067536,0.00705979535138192,0.0164547382096441,0.00990651977915489,0.00489098289435149,0.0106325308921922,0.00509733992563523,0.0131881368214903,0.00735454876323311,0.013789929689187,0.0141180159668773,0.00665386201845423,0.0078536445083134,0.0115072315734008,0.0140870826170514,0.00720583610127303,0.00914748648094534,0.0169313421885797,0.0105036487531826,0.0130573409747708,0.0103397510668287,0.0167318412559651,0.0125520735503599,0.00868679606550612,0.014912104018321,0.0218861149691732,0.0141647281608556,0.0106607215705838,0.010082165347429,0.004994096516959,0.00314021395287563,0.00846107230416911,0.014162106095708,0.00443037189458839,0.00686364406523401,0.0203752703040687,0.00834379049811366,0.0145462135905307,0.00393929108227279,0.0059344998298975,0.0160616257219574,0.00893249235066274,0.0156757416169817,0.0148010498972882,0.0095317884029447,0.00875574607636816,0.0102555355413167,0.0104136509931176,0.0191172516222794,0.0264790795648557,0.0169235963504239,0.00726748207370872,0.0174732567349478,0.0100370142373869,0.00930395961492507,0.0114320786651247,0.0141897693808357,0.00706099560954968,0.00771352136983107,0.0101623615080735,0.0115630598278749,0.0145607593060125,0.00742243140381295,0.0080516934197787,0.0102388823548187,0.0205431566799587,0.0169339038253023,0.0109893840130227,0.00907822104430088,0.0158045456318041,0.0149739363882641,0.0032707536965633,0.0125955470942691,0.00439757793415526,0.0102216639179348,0.00834659034540827,0.0154191229869812,0.00690133605541484,0.0141166941659442,0.0185537165445986,0.0106897408982557,0.00823332074352283,0.0111887716101812,0.0140636238294277,0.0249267498661225,0.0217762724969592,0.00677425556646024,0.00482127700095336,0.0109893073327233,0.00888271644789834,0.0125365260265268,0.0087264189790283,0.00765990355282864,0.00797147905024805,0.00410717507298473,0.0105236141260175,0.0124398526884356,0.0087814122632369,0.00926015909603095,0.0045133881114558,0.0205134083937712,0.0121885162482156,0.0102986331734891,0.00673768789212855,0.00465835754668518,0.0125033689044418,0.012295267239221,0.0125206524610184,0.0101155662113886,0.0122531819269551,0.0140299006044173,0.0160795744796819,0.0120019221358444,0.0134189942157525,0.00178504048545678,0.0107261655324563,0.010081917626856,0.0193155492799008,0.012295611368443,0.0101982395508983,0.00934559540835841,0.0224153159966861,0.0100983948077988,0.00584459750425343,0.0128116352384969,0.00972830540804709,0.0137971388340146,0.0162998228704816,0.00823658391716194,0.0109924671870591,0.00644340841556808,0.00721966786739185,0.0091873757535693,0.00915543497272749,0.0169177840889895,0.00686657683882985,0.0199594351521715,0.00359953269189073,0.00948023059013327,0.0223062992182163,0.00915261405161473,0.00132239866320111,0.00247294832473386,0.0150603842513484,0.0107294057228293,0.0049071909524205,0.00812986599590939,0.016293213958824,0.01168406542091,0.0115175893936398,0.0246146973747224,0.0132873911470041,0.0181802304281626,0.0166334101821839,0.00952231685677764,0.00912956241483698,0.0196583387599555,0.00620476147206691,0.00587540700345407,0.0133571254874799,0.0191191905393837,0.00500838879519189,0.00692058285001462,0.00599971850062692,0.0267969898320113,0.0175875634741633,0.0137183221067075,0.00262869156201164,0.0113022740077403,0.00777764916541553,0.00951695758541277,0.0190159867465198,0.0073274775753547,0.0131286442163998,0.00601215070635924,0.0094657156423665,0.00759047422090485,0.00562752416743673,0.0148819555364934,0.0116808407636752,0.00590288605530713,0.00646629265209055,0.0139298410212274,0.00834759458882509,0.00789913515286461,0.0212126398299263,0.0185333097314201,0.00831734500043964,0.0109759051107867,0.00561791224698897,0.017184227163812,0.00398743360354844,0.0100265485760103,0.00425656754908913,0.00483796685763571,0.0034890005372202,0.0144595469915837,0.0190713943090305,0.00904851338598682,0.0071391851167241,0.0128236538140518,0.0116253722214443,0.00503046272829886,0.0199670278779756,0.00538710020471485,0.0131909734529753,0.015811738804847,0.012385735166879,0.0202863172284474,0.0051336970349482,0.00712164236995424,0.0100926571172477,0.016708390425464,0.0065704592823105,0.0165385151055377,0.0116622720340483,0.00674208200065209,0.0048447123218087,0.010170743490437,0.011871539309593,0.00663501111023048,0.0205972346712318,0.0173063581637319,0.012907303194571,0.0227625221180688,0.00870503521710947,0.0173082397305577,0.00582949460509839,0.00974644761717601,0.00467750683785974,0.0189286629285271,0.0170603774567618,0.00894046252906535,0.0265397295752145,0.00838938238726681,0.00866673142412237,0.0084907150381958,0.00869572648321265,0.0134434959750917,0.0124468870983883,0.0104652024556034,0.0167465477298039,0.0102610925216505,0.00762180313857665,0.013771507433456,0.0194111899971538,0.00945012908384439,0.0119481265840336,0.018569693588665,0.0042009596314466,0.00752831454971499,0.0132397924288783,0.0144035547371795,0.0148533146262102,0.00899384059932118,0.00763488907258536,0.00761923395369577,0.01139844113155,0.00637445468925559,0.0107977421086922,0.016944854065112,0.00781821823200988,0.0169855107287079,0.0113084541374578,0.0109720725910171,0.00767261989470378,0.00768602528791825,0.00818525140813731,0.00494262572746344,0.00649412979696305,0.00904605924594987,0.0132989645342227,0.00578252171326262,0.00413620085069124,0.0121390890657076,0.00964452527086213,0.0131315951080195,0.0125042185844988,0.0127490524475814,0.00591154232161963,0.0083830090825362,0.0115141831766474,0.0311290534374879,0.00410211750660026,0.0069727763842012,0.0140246775465788,0.0124920875616838,0.0190563129123664,0.0111228243965201,0.00757001271884874,0.0134808177909033,0.0140872853615599,0.0105216508666413,0.00815237820718666,0.0115736633197277,0.0053538854313913,0.0086795634668421,0.00777152497813214,0.00875441597601956,0.0124519126690284,0.01024698957174,0.0171261638917681,0.00680044692547505,0.0129164417745776,0.0080279937206104,0.00715936468108119,0.00856793579070879,0.0104598075210021,0.0131822511974106,0.00756154838100792,0.00435873153551984,0.021444638864839,0.00808609363086323,0.00911115936283141,0.0129182845145637,0.00648236394416039,0.00634436101777295,0.0110817431107969,0.00926467980992751,0.0107532725899842,0.0248909185683202,0.0091295871526238,0.00772114595390886,0.017811070664057,0.00898640428717003,0.0113946157565466,0.00769461631367204,0.015416731113243,0.00900580900157864,0.0155963380253399,0.0309381082491676,0.0112977306538765,0.00753388205778242,0.010013089273415,0.00670833926193493,0.0075524890482586,0.0181199956135391,0.00920569362958965,0.00431375508473484,0.0060399573080839,0.015565127013056,0.0100633588294697,0.0110040704005434,0.00414398079247221,0.00556895399856154,0.0183494140067814,0.0120573303797986,0.0104423622043162,0.0191873252910959,0.00719438236700528,0.00983926747383801,0.00659592966686408,0.00689308450467789,0.0110721634679607,0.010840497647858,0.0137891379518142,0.0235041809534266,0.0154973651711805,0.0155925927310484,0.0219739686764967,0.017859997606979,0.0113939282796757,0.0073724627903138,0.00654615518302959,0.00941019816578383,0.0144752982447659,0.00756084838412141,0.0113433234908826,0.0243554952035993,0.022716164007207,0.0132858840786814,0.0134525672584473,0.0122122272447786,0.00906187305449807,0.00703733509539284,0.0164909379110368,0.0152390155767796,0.0141089628449883,0.00946333353262224,0.0102728189056915,0.0178818584262696,0.00841883529821845,0.0165609235986212,0.0115739849324434,0.00645342111179244,0.00323175875313392,0.00671826154000038,0.00761122351215029,0.0117454394760435,0.00906240346460933,0.0043167009894185,0.00719621668502718,0.0137604469883282,0.00715294686222958,0.00728177108578176,0.00720238791041381,0.00973452598202305,0.0081327183864241,0.00848925676832629,0.00820600005205772,0.00909335998220996,0.00842984773625673,0.0142366255733835,0.00458458370685812,0.0116521710066759,0.0117412317071138,0.00618893170954815,0.0186966594447946,0.00215472725151591,0.0117464071613473,0.00790723695498148,0.00427983987289475,0.00622178727921693,0.0250120165004698,0.00524416590060028,0.00799313056410637,0.00266377132840053,0.00252779540603191,0.00808990752105282,0.00492329713107835,0.0148500450364641,0.016339508850384,0.00657045865140415,0.00665671724238622,0.0034737180833825,0.0146882573658156,0.0158826242716522,0.0231126212433517,0.00661060459309221,0.00764536605760078,0.0118104278791848,0.0142042021593221,0.0152176925821846,0.00542079528151964,0.0249362303156809,0.0116961187721408,0.022397588324825,0.00913479733940416,0.00814528823800733,0.0168763764445641,0.0158153505805311,0.0192103605021726,0.00616225117734628,0.0115464452574937,0.00430737497831548,0.0123127770234089,0.0123922293135875,0.0137212463383107,0.008192001532401,0.0108995781247142,0.0138250095583891,0.0178184753513994,0.00812115151437855,0.0136281813608785,0.01214060282764,0.014492895211385,0.0176955362734484,0.00424394052515762,0.00878746181206604,0.00997072459070967,0.0172240547052132,0.00829154953421004,0.0120258515231088,0.00356058376017236,0.0226842624208829,0.0134674488039009,0.024639930964293,0.0112228072051255,0.0110201259721585,0.0154569703218571,0.0159929495393677,0.00852876964712932,0.00919560659144734,0.0102153680724154,0.00901201751137607,0.0106935729323833,0.0163488088652969,0.0160729437571794,0.00658883190290595,0.0159135936263799,0.00668650219399737,0.00940750259617588,0.0161392054137091,0.0195440240847818,0.0163457089732583,0.0113207555844077,0.00831340810305925,0.0110668077141921,0.0149056185889703,0.00916029294778214,0.0165554871039706,0.0146176415416132,0.00537445484338023,0.0144964605898204,0.0147858566923796,0.00855893742427847,0.0146241602647572,0.00448774590686348,0.0116235741864201,0.00936103941110827,0.0179041431464291,0.006132093880809,0.00619404196894256,0.0208649114256796,0.0198638661740651,0.00824947812080236,0.0065355238070778,0.00529216425006039,0.00990915591343174,0.00445707292416605,0.0150916096431361,0.0236585430867609,0.00986940438929129,0.0110953736754433,0.0052750011183623,0.0160701717744881,0.00606137084693004,0.0152527581569563,0.00726374574836973,0.0146230023772921,0.0177606642279563,0.00836867923948651,0.00723600999138589,0.0122273260376568,0.0154750670222046,0.0151748592305185,0.0160343602510919,0.0103767871099451,0.00640644754483349,0.00485939005601129,0.00408642998825716,0.0116901885095194,0.00992906950237556,0.0161174687053552,0.0121749645031944,0.0037858540301368,0.0140808505815493,0.0112120202851141,0.0105005836560905,0.0063996243072584,0.00404821025567625,0.00959016172101503,0.0232491215791874,0.0055632481049195,0.00636709138950725,0.00473857611088594,0.011804718427856,0.0145704194124229,0.0138026068483303,0.0148105157865606,0.0158721480446999,0.0196916842469373,0.0118533273171736,0.0132922335202734,0.00449301340522486,0.0119290906207444,0.0102951779155564,0.0103787051711073,0.00692987996200027,0.00465017532084577,0.00256773374435204,0.022732916630239,0.0109392394917855,0.0231154626896206,0.0103711922279903,0.00820922861038189,0.00550810715182413,0.0194293351034555,0.00995210133118194,0.00925335869094929,0.00233985333685142,0.0192951190721054,0.00902400560749041,0.0184163645697733,0.0257555471692399,0.0139413555355679,0.00404589381910353,0.00301005574194093,0.0254100163772775,0.0244780118596139,0.0101103357257533,0.0126647159829819,0.00666677648285193,0.0135271846579826,0.0142026547307717,0.00897951770816678,0.00824228720787538,0.0100443795590936,0.0255564373505453,0.0101958169259014,0.0188080497018953,0.0178071250116154,0.00910617569183077,0.00831954756689679,0.0211312327986171,0.0113086900281785,0.0102793063491156,0.00877821451832211,0.0062209002068996,0.00901817310430695,0.00675229625025209,0.0125620816398238,0.0222253085266636,0.00968082759482277,0.0148354075347861,0.0113862635086465,0.010439964568614,0.0206644514293072,0.0170270579252898,0.00965907447865971,0.0130542813702121,0.00305883508061983,0.00976758290075312,0.00598558678346907,0.00554327494525749,0.00996631859733009,0.0120332848811845,0.0113891863707655,0.00667937571274357,0.00971266339594688,0.0089926175947731,0.00993478047424727,0.00978128613790832,0.0130931974139439,0.00541997413183524,0.011993685588296,0.00974046009773568,0.00727714356842968,0.0119338809377535,0.0146279416617307,0.00641997878049638,0.0138474212668601,0.00413312216622097,0.0175801537509124,0.0035065109259899,0.0135592800470635,0.0308254191651001,0.0163394819275749,0.00436666124313871,0.00598803607716993,0.00662635830458389,0.00591391183965689,0.0248983080640376,0.0102446271905575,0.00989425742931305,0.00658304401329235,0.0112044304237294,0.00744699450835567,0.014912572586602,0.0148753207796237,0.0121019216268647,0.00821198745327058,0.00427048674146524,0.0198815156920425,0.0199368740202564,0.0216944613203694,0.0108024442855842,0.0125165084736502,0.00564521824153145,0.0113121040270511,0.0133648375900183,0.00732280553998084,0.023181321868524,0.0104988258808738,0.011592066140186,0.00627294702637184,0.0140803458875397,0.00693846726597354,0.0110606648254998,0.0101704750087522,0.00843237469148149,0.0120928271049826,0.00686739942486266,0.0105027015265907,0.00811649872564368,0.0110716251221843,0.00651722701423757,0.012571298838683,0.00647638284636909,0.00587926834718947,0.00760875465781345,0.00985146945077209,0.0131934182459252,0.0148891174061197,0.00693134998959286,0.00663737440877884,0.00823725112542382,0.00809068722547013,0.00923157814740355,0.00592287308397577,0.00448568430531556,0.00837789403401179,0.00593217283069381,0.014804279342148,0.00951566219184006,0.00657476475059001,0.0145850968475318,0.0117629842699796,0.0186338691269069,0.0123813536510212,0.0029085378532099,0.0102269034871948,0.0314657599363642,0.00732829742666345,0.00984366856958324,0.0142536044048395,0.00797988479486763,0.0122886167588651,0.0231061237586087,0.0138097974082294,0.00832500294477875,0.00164948070509533,0.0107177305337624,0.018312283953315,0.00859021142351015,0.00811297556406963,0.0103246561710943,0.0183919693135906,0.0159226297603167,0.00935164740690873,0.00789793946660731,0.00897005410755767,0.00841835368795228,0.00471446157952378,0.00663096718282828,0.00379045730756465,0.00466926438078487,0.00376213201033497,0.00941606981957579,0.00867322795399272,0.0188949110181182,0.0109581425155922,0.015292204872599,0.0224730924474444,0.00378466492935109,0.00337076271711134,0.0126726278780317,0.00715329453623945,0.00672536456857657,0.00643932153578201,0.00928384076156254,0.00938383143960371,0.0142574822649369,0.0110066693001956,0.0117091230225434,0.00582243327651566,0.0132634592765759,0.00312844265120528,0.0125852567027768,0.0135217293201649,0.00538594392427403,0.00904843048083304,0.0062027144553579,0.0128659958117144,0.0056418912603848,0.00762205531300207,0.00738954456838466,0.0066708705542245,0.011038898857715,0.0106384394760775,0.00400702700776134,0.00307270081340122,0.00544242300793256,0.00264132800374978,0.0113683453362519,0.00281863427041218,0.0241516731935798,0.0117443551300634,0.00745072253927045,0.0126186517266193,0.00993356707412139,0.00810537423251984,0.00859026142532254,0.0155411681870408,0.0135944565952452,0.0167023953953026,0.0113445130594491,0.0101702522712033,0.00652576075800643,0.00778510671066562,0.00827770861514156,0.0138200219894842,0.0132718534671358,0.0127333984973015,0.00523477049665377,0.0105910310116493,0.00996679482238588,0.026708636332449,0.018501589906943,0.0210638154951603,0.00371239982009064,0.00889305245970251,0.0159367176062571,0.00462821001429594,0.00605298422021459,0.0103697614073707,0.00819371007853857,0.00501586111777745,0.0028423950155241,0.00980154770913551,0.00816145708823268,0.0096336637924048,0.00492728570484609,0.0127213704777727,0.00350176894335721,0.00811295030641966,0.0106405435515205,0.0120207875326738,0.0160320966422207,0.0101409441540743,0.00893507307041032,0.00743755960540299,0.00638602200421677,0.00775416899319006,0.00830314211358592,0.0127158821518839,0.00652375554845765,0.00404210111185989,0.0121173601959239,0.0235185581835136,0.0101084727911699,0.0127935411209096,0.0241192259709291,0.00848531815917377,0.0107150520418584,0.0133786269183393,0.00583687446726503,0.00997012079698471,0.00691691632364477,0.0180855616443578,0.0119912239561141,0.0116559415063768,0.004840332791433,0.00917027877358937,0.0218769360252163,0.0153529962958491,0.0190376645052564,0.00412794741366072,0.00397868427356511,0.0135675737974073,0.00738787956837443,0.00472975332934296,0.00888933855657378,0.0059316093328351,0.0126966723483323,0.00760473243722317,0.0270147691591982,0.0158527882873279,0.0141036119553449,0.00594287825534603,0.00645985325621642,0.0067276142268029,0.00439456830306956,0.00369915437822038,0.01909688168739,0.0153490510871495,0.0136613047193043,0.0123500623219266,0.015807009788873,0.00917714339659581,0.00801775488083112,0.00909576371704289,0.0138087210391843,0.00851716739282062,0.0156217734227535,0.0131069558046738,0.0228621372894639,0.0127334145444996,0.0174851735181815,0.00830061720028791,0.00865640710842343,0.021712016699489,0.0133050910444259,0.0118184343211535,0.0108019221959861,0.00513130014415277,0.016881190503045,0.0107230163062892,0.00925394245965724,0.00691379258835754,0.00780132294042337,0.0148463184946155,0.0115419154937664,0.00913868420640453,0.00612730912629977,0.00681535241912318,0.00521383638827609,0.0150244944040283,0.00829090692671323,0.00611734906572281,0.0129593134852065,0.017367904827106,0.00884403260357381,0.00516488642181155,0.01791340037078,0.019982056397114,0.00351730234629,0.00944713035618657,0.0100011965663046,0.00399141920633111,0.00642875001870761,0.00579654142528272,0.0126079484796398,0.00576621084479367,0.0130586424848682,0.00331523607576872,0.0103806952015873,0.00805610153411827,0.0079257026621383,0.00722100649009681,0.00965722227193174,0.0072734869541411,0.0144597926689079,0.015216147339151,0.0138108148097222,0.00933557645824087,0.0170168747719473,0.00654517910074874,0.00831946475488849,0.00721627789778551,0.00206721827514822,0.0131368815637783,0.00927659487705618,0.0071323841216249,0.0248120178605161,0.00785606560512057,0.00773083509698316,0.0167732189463675,0.0220667496796234,0.0200342977324281,0.00506038608140634,0.0103896398553407,0.0108322539285592,0.00512092245834463,0.0112170787786683,0.0180300348910736,0.0117697887971549,0.0117532734620216,0.00789755509638862,0.0184637942235494,0.016230638725688,0.00543439651785706,0.00885799500508192,0.0122023487261472,0.0064379956930574,0.0276523723464692,0.0114779543841165,0.00649401896290656,0.00742582793118076,0.0108145469366152,0.00520539685778704,0.0187991063048776,0.0122011468603131,0.00793790236962113,0.0167175823079586,0.0197710704125618,0.00742619511591447,0.0160016027772003,0.0169728692319451,0.0230892366704275,0.00421786138283701,0.017068404980922,0.0169444162206478,0.00790628737397164,0.0105508851193893,0.00923877480500821,0.0137254332332747,0.00454593421801401,0.0108344134307935,0.0130622782529733,0.00713161396877726,0.0088074775380669,0.00610552251269136,0.0233319944585177,0.00836012302218934,0.00648266765627673,0.013256688646659,0.0101408596988269,0.00746953725447404,0.00567702155996737,0.00526029830221569,0.00649391985860011,0.0118633114581403,0.0153812726338728,0.0138921109013952,0.00780017864914327,0.00797865788067994,0.00985875785709758,0.0110275444347679,0.00723988979363114,0.00925608121666605,0.00531048419051672,0.00933650460581409,0.024274699740361,0.0199625966976621,0.00713862770756037,0.00803695209909326,0.00562054925031528,0.0136814662104281,0.0110912380841153,0.0057591259487866,0.00777429365738286,0.00551826249627021,0.00717558853966547,0.014382638500608,0.0111984509517543,0.0054937459063472,0.0110412286381068,0.010669820021112,0.0103641875444527,0.0105245013156085,0.00899415933078052,0.0113221863973224,0.00949935992666723,0.013991184439579,0.00674678791841978,0.0141379498023631,0.0147445123500666,0.0117479166556457,0.016192170925454,0.00960356825502292,0.00707643904992935,0.00938668936262841,0.00688403150434315,0.0156301596943651,0.00909116836568502,0.0118248872291978,0.00989830815968355,0.00664383835537587,0.0136584509924988,0.0108419282044253,0.0111266251575262,0.00445414857662966,0.00840994919454441,0.0113884638294057,0.0172355190935291,0.0169126193211075,0.00523590287305044,0.00731411114075509,0.0043729594099103,0.0114767256124486,0.0124090653404602,0.0100794868442595,0.0196164054179674,0.00550058924774505,0.0120351906480862,0.00568086258100322,0.0123883588991106,0.0103797580110339,0.00817758422414453,0.00974642284572717,0.00712707880132801,0.0178227139165762,0.0168530114280846,0.0171593529825014,0.0153256716592365,0.0125427530609144,0.00671383174696442,0.00565848654550923,0.00929747208765292,0.00797910520741204,0.0104236880543136,0.0234968869639149,0.00773936449060124,0.0078096554169539,0.0149049459201837,0.00356250875548645,0.0135522935014495,0.0173441908597843,0.0182587090623096,0.00807132380423686,0.0155793588132671,0.0144460646160911,0.00691989895573025,0.0142884880893328,0.0109167968552804,0.0165348487498574,0.00869819806701192,0.00489686794362226,0.0217053519735457,0.00708571828849438,0.015494822696177,0.00617976602962665,0.00805737793191628,0.00897498031129636,0.00911915374800222,0.0036570616708741,0.010069560806931,0.0127249291764927,0.00542272391901955,0.0102100062719588,0.0184229022264683,0.00856606776891735,0.0111362582856048,0.0108565037390529,0.00250623269668891,0.0102198363247759,0.0107657540673304,0.00789545570361603,0.00898583883410249,0.00442818562844125,0.00974808404537107,0.00912418861306215,0.00705972456206764,0.0136180880034584,0.00914225295383976,0.020671920061426,0.00666784016292482,0.0149255909977086,0.0146404149896094,0.0069360023918104,0.0079780550626515,0.0216050044711681,0.0133858122472864,0.00973207185019901,0.0108611251499477,0.017443201012811,0.00921619093374371,0.0132871791747868,0.0186530025444199,0.0115522247498491,0.012068156657757,0.00771108134143124,0.00914578290011605,0.00987331662735424,0.0132134079245326,0.0148350507773297,0.0125472974556403,0.0115984684729084,0.00769514402171105,0.00926739292378117,0.0106939009460317,0.0179290213252025,0.00699908696493049,0.0131916189623414,0.0114927855952982,0.0166689388907832,0.0122361296984771,0.012447720744684,0.017459226717368,0.00629046002740103,0.0122654426483526,0.0161549101550502,0.00771786470430578,0.0208094229409445,0.00940225521357864,0.00975539942970251,0.0204777439062434,0.00911284919848528,0.0107092992496191,0.00631595587278448,0.0245460966761139,0.00611363538562208,0.00762104769645733,0.00862913980727409,0.00730499969986243,0.0202777551638216,0.00489212836583371,0.0154695973015287,0.0112765140377999,0.0204484087601022,0.00979716248516747,0.013490136683602,0.00547944894263415,0.006233043072573,0.0109074849415495,0.0144360191688826,0.0186020313262931,0.012176421807691,0.0121328843986247,0.0169999346454142,0.0100483913460461,0.00591322717079605,0.0118825498066193,0.00714559735654197,0.00670339548862869,0.011602515105468,0.0161331053133361,0.0171873795821872,0.0134677859653781,0.00809156020027881,0.0165609861119371,0.0154932991336483,0.0147622785938932,0.0188940871277105,0.00984211453220366,0.00997297886307574,0.00984656447622545,0.0125594416192193,0.00991439170383764,0.0102234602965413,0.00318816724511097,0.00339179915028109,0.0119583941052666,0.0167337326225658,0.00603182282277772,0.0136043776956806,0.011920397029198,0.00572448174722047,0.0126713953780259,0.0155524688758696,0.014419645750653,0.0114446881058176,0.00930803607815123,0.0121728939768743,0.0140718871684756,0.00475322758188562,0.0107413018022215,0.0223614839028411,0.0139173046920443,0.0090353900811022,0.0149117803682455,0.0142198832485342,0.0066828479972675,0.011067566613423,0.00868190742470406,0.0310597540174183,0.00963605802418834,0.0104287124786147,0.0166876605041941,0.00821977218054807,0.022052903218391,0.00767976346273332,0.00509954610777815,0.0110877001968637,0.0114101137775421,0.0124640048355642,0.0117997592603423,0.0218382597995852,0.0118749930612724,0.0143278752051313,0.0142105160640567,0.0114084587626942,0.00443840582940184,0.00928086264553528,0.00997570357446491,0.00530807027882219,0.00953213654880033,0.00679843831693481,0.00969009028231427,0.0118509218082,0.00861711230931974,0.0296272322861542,0.0157371711950139,0.0085724117081614,0.0163858423451396,0.0128821876433878,0.0170000555089377,0.00602076791827379,0.00878190205005972,0.0126937026838288,0.00519656824294721,0.0178142804744381,0.00919487605574017,0.0114894244596917,0.00554431510285402,0.0201508552254998,0.00686656276484441,0.00930681114688422,0.00604928693651857,0.00438605125590049,0.00592879416088774,0.0116669608487071,0.00666113669910101,0.0128677645911546,0.00691810788797317,0.00386132345338945,0.0179778965454053,0.0100490830101726,0.02155068485254,0.00556532555230247,0.018553806096412,0.00733379543852988,0.00557322749538288,0.00608552631612412,0.00741180621345816,0.00692860797677417,0.00255336595305394,0.00612684927646436,0.0149542503477387,0.00325681255721263,0.00933529069178638,0.00851160198974404,0.00645204039190739,0.0127075283700427,0.0178478898894073,0.010043801741342,0.00507509925705722,0.00420494091417926,0.0128807510905734,0.00918410240928878,0.00902222895560199,0.00435089527813161,0.0145547942930848,0.00492166591482705,0.0124106712792687,0.00793611443737493,0.00761861212846536,0.00227003260574741,0.00878069456880284,0.00615360048797903,0.0162674133649558,0.0061871571755549,0.00763762633886298,0.00797000091021153,0.00735959547677193,0.0284428962931947,0.010637542480434,0.010779790938977,0.011129319932646,0.0126650746439259,0.0055810905703275,0.0119099894072539,0.0125498343877483,0.0045125652701384,0.0041732561164811,0.00837313865757126,0.0111302927162341,0.00916952333006995,0.00515760278114682,0.011608691364213,0.00667527731478681,0.0103633944656952,0.00355129057331764,0.0130530855355973,0.0163573342662168,0.0102546320537307,0.00710032993407265,0.00746807775464636,0.00216281002802521,0.0127191911117739,0.00863788029203862,0.00653802542260151,0.0169746846415679,0.021090336444743,0.00468940585827404,0.0164926873350145,0.00911874075548088,0.0152163491498248,0.0187932491900812,0.00492544135108747,0.00926442079076556,0.0198111962561446,0.00787038404143514,0.00476394973898862,0.012964583769571,0.00414902311161254,0.015903177378742,0.00524031922947406,0.00544117897320207,0.00826158335015246,0.0119463762406968,0.0105943632583289,0.011866394813431,0.00802650423572641,0.00958946686101542,0.016092923181537,0.00552869890491666,0.0158825711623652,0.0169335880933904,0.0116513902772835,0.00625599442811157,0.0223402109734412,0.00896628897664475,0.00522767392865936,0.0149817653071943,0.00711298876768862,0.0145845693617204,0.00598890631892808,0.0200339072819245,0.00763987430612898,0.00614303406402002,0.00577219773177843,0.00200150374456942,0.0139102463978533,0.00772769365394902,0.0161856677011841,0.00500082030205144,0.0185693165634554,0.00416953783701516,0.00455079929166561,0.00727888267630339,0.00861328559168269,0.0198500012540824,0.00675497466065844,0.0120040829370897,0.0253262644345966,0.00553159770005666,0.00619513898020959,0.0048348874905334,0.00345341200285878,0.0110695758609263,0.0178537020906347,0.0100257696685904,0.0101932508289769,0.0123521841381464,0.0304303590377009,0.00220017220467143,0.0111320214270186,0.0165158337857704,0.0210045994563892,0.00743651401920375,0.0158901669486154,0.0111273509461746,0.00699630018987814,0.0215718259728029,0.004468355882075,0.00583760645097831,0.0116501643439687,0.010010078060791,0.0090697866847313,0.00939036346218414,0.00761775334337476,0.0139299104579221,0.00716708982224151,0.0110222484920443,0.0178169145124347,0.0110582390787313,0.011055451986827,0.0178978582879261,0.0152444264282186,0.0088044114452947,0.00799148632788778,0.00971015830025834,0.0117802057630901,0.0073505998372298,0.0208015138436798,0.00528268905638013,0.00833351233058694,0.00947143900792571,0.00544507290931046,0.00917537177345568,0.0190242892683892,0.0178973433460241,0.0104014331354825,0.00752761966265368,0.0240828269006609,0.00401106484890044,0.0117327970723304,0.00668885813779344,0.00684290916285792,0.00767837686867897,0.0103845846531961,0.00900579528881597,0.0237761191450559,0.0111216735413982,0.0167876128208928,0.00465648231963534,0.00658899907240412,0.00874701804244027,0.00571212365964587,0.0126069892725907,0.0051440973526881,0.010097705185788,0.0298524639647096,0.00432660200717163,0.0118482005930845,0.00445693584451564,0.00556315628599174,0.010931224285067,0.0177004102872305,0.00662554768612209,0.00906517966396844,0.013071928851679,0.012723889122914,0.0051078207748485,0.0197550521689627,0.0119690203086105,0.00805174995912827,0.00932788099568332,0.0116987346281186,0.00793639280739254,0.00865079728098282,0.0123985065087168,0.00859864865899235,0.00651146901858736,0.0186870754894185,0.00954476256754261,0.0037417720474419,0.0186622386350448,0.00861867933882603,0.00693437946889904,0.0174739243874984,0.0143242571205809,0.00791094431406682,0.00974853987251142,0.0124547727064104,0.0281936391699188,0.0103332509394753,0.0216963873499195,0.00973730475208173,0.0111222609335253,0.00585671256841053,0.0151736503099151,0.00914870356106821,0.0129563868711005,0.0131735664324576,0.01496908604027,0.00937256298410251,0.0221518128387573,0.00808660996457024,0.0147297527825775,0.0107550549375432,0.0119008308670705,0.0128881026609031,0.00733889414739236,0.0194309644426812,0.00319335372485004,0.013366701537013,0.0165302345311578,0.00435559443942033,0.00985518857489851,0.00630720300842981,0.0150232900211173,0.00654938785092735,0.011511554881644,0.0113595870291194,0.0136261007746954,0.00584642470033592,0.0127603211583005,0.0172230301137237,0.00900182836856373,0.00874405597978632,0.00872888741679232,0.0159881714688372,0.0121564172162038,0.0112776400854402,0.00719646904542354,0.0111178884985641,0.0171446213711707,0.0119174136726109,0.00560144718113724,0.00968380536704585,0.00664178774983868,0.00370019879385556,0.016234360721735,0.0143943711045085,0.00872412138458837,0.00691600196365148,0.00893998466279502,0.00498478660757721,0.0197476179390842,0.00741886386754583,0.00927729974210019,0.017038451922213,0.00895699683269391,0.00831270718782766,0.00840013164139327,0.0112275144993853,0.00665638855797301,0.00505942281945589,0.0123088801253793,0.00707910389843715,0.0130816564584777,0.00513182919769582,0.00956945701667465,0.00796870198807417,0.00397231317216949,0.0110785383021109,0.0157318353314096,0.0146687853412199,0.00804872217099369,0.0187260053011226,0.0214546603990571,0.00897361769725511,0.00759424955684387,0.0257284142801074,0.0171541945415029,0.00702039571342496,0.0134647762557018,0.0164222276373706,0.017236803033082,0.00970693852045758,0.00871272831625395,0.00721905233908101,0.0153469362541284,0.013376491692351,0.0122658552492151,0.00851341255261989,0.00702607468180731,0.00744491580571612,0.00670545197085376,0.00914293940310148,0.00793464342266028,0.00576124479295115,0.0157972731461524,0.0139427467375241,0.00994082348560847,0.0104487771346306,0.0174278838492452,0.00868145868576263,0.0112284055744311,0.0122525193632315,0.00940438880458409,0.0062559150622767,0.00835514774503424,0.00510701413297856,0.0113354921383049,0.00327108944422039,0.00404552076650453,0.00499803495894254,0.0123246861515275,0.00460964599526409,0.0103951670679232,0.00323005283416174,0.00811017194707625,0.00694086582803993,0.00407904732799802,0.0067100409281214,0.0101964208461213,0.00736766998064673,0.00572809322987156,0.00789018057695851,0.0116227936201801,0.0103781876872118,0.0140707026747063,0.013584268072508,0.00569292888306918,0.00660289773647331,0.00786506473651793,0.0106892507186191,0.0152038356002965,0.00770152832439725,0.00975628329431544,0.00580956112813299,0.00781453535862155,0.00737821474191813,0.00707541439667458,0.0157717191970401,0.0102514477180687,0.00634885359408803,0.0164100118648204,0.0054658885420504,0.0108633379638783,0.0140300977316571,0.0137344817595882,0.00779895527969732,0.0128863483654048,0.00679361710488411,0.0137231675673532,0.00896698118435783,0.00742703834876303,0.00645216757412061,0.0125789213492958,0.00571400220245609,0.0116138113149208,0.0206733016753792,0.00831200239538356,0.0205298629069768,0.0142081573954288,0.00724968161207601,0.024139819551017,0.00997597140104872,0.0115824417724292,0.0139464727080154,0.0171102292323105,0.0144774061009657,0.0126728054506205,0.0112154780441996,0.00613669746458008,0.01283574857169,0.0142651100528848,0.00453467963041402,0.00502136183782557,0.00293191275774209,0.00777751880558083,0.0124311267664672,0.00678975333676043,0.0105973506783189,0.00965914613764927,0.0120456655051949,0.0148915628315677,0.00452300451113206,0.0157857591523714,0.00518605199184944,0.0119655531394151,0.0124066776958294,0.00817300050906868,0.00770986864533714,0.00720905112432281,0.00685061115154258,0.00774978639501521,0.00396561846274821,0.0268986496897709,0.00785245997898243,0.0108554351231607,0.0161513651895727,0.0119393484369459,0.00197865946207361,0.00595298336232099,0.00429956810209351,0.0153933479586393,0.01371661996027,0.0127826458787961,0.00700804083944504,0.0144013176895891,0.0203295254340591,0.00982452780792627,0.0151130671622055,0.0212446981731474,0.0143323865273956,0.0111760191553426,0.0106502920981993,0.00417074495084319,0.0122375168388112,0.0143546432439141,0.00906619548683668,0.00990099300360302,0.0119181496935436,0.0106620736123201,0.0234383987399864,0.00638587597208364,0.00526825224435875,0.00543120902166925,0.0111977640168111,0.00432256428219012,0.00280013074021279,0.00881349973784823,0.0119281438007052,0.00707650717183778,0.00747463854161606,0.00476617981237715,0.0109767931125571,0.0167428356426397,0.00901694150432556,0.00724881486233919,0.00347944614890093,0.0055283801268979,0.0185162999495668,0.0170811133894022,0.0128309089198259,0.00655556028770704,0.00760391129882854,0.0169837605911758,0.00684888936291291,0.010333887183885,0.0151817791170511,0.012737623938895,0.0196853481162551,0.011304640381203,0.015858699594254,0.0125453261540208,0.0112174612467658,0.0180536603584817,0.0105167447519611,0.0147368608494073,0.0142332913979414,0.00364505017882046,0.0109633986020196,0.0113401084313719,0.00531008492613287,0.0155996329435927,0.0111288830479655,0.00517687525342716,0.0216485151049454,0.00848663641718471,0.00944936848141013,0.00684565832846923,0.0196793437384132,0.00659088960608987,0.00984056870382492,0.0238057772056272,0.0115256638843974,0.00981369147448689,0.0057365298382007,0.0211347025006431,0.0044535872432373,0.00324430248680256,0.00787094599263407,0.00525401852716588,0.00836458099169535,0.0183355555206491,0.0129952880333153,0.0124216927109901,0.00726301226229111,0.00608219951393792,0.00686183534864778,0.0106762742738504,0.020113737273842,0.00448771140146548,0.00925643186789005,0.0199265548314454,0.0152360439827172,0.0130025394519965,0.0149243722751722,0.0120009589006994,0.0143822303909813,0.0040798396439749,0.0101878263716709,0.0189429160874257,0.0146662123574043,0.00877077962913429,0.0103632128349824,0.0118937414062584,0.0150672033865146,0.00769323947907756,0.0101822778045418,0.00532212776328476,0.00730063943441359,0.0135561899549349,0.014143376619759,0.0146594695749158,0.0126149531095289,0.00721075865360617,0.0092950845292629,0.00811211107820903,0.00737246086660877,0.0185594544007809,0.00943578018075035,0.00685754744565057,0.011838084677734,0.014299729057234,0.0147923990643909,0.0119452904890903,0.00842705195714842,0.0139279520504274,0.00893667850864453,0.0283451796334649,0.0112373844909826,0.00694268717079836,0.0104701496597639,0.0207329209080164,0.00774644932906856,0.0117078347357488,0.0116010550731696,0.00302875754353058,0.00758763814660557,0.0114216227808516,0.0059540704293289,0.0112905013730616,0.00456425318818306,0.00390050254128112,0.0114517844726503,0.0241031903534944,0.00725953177080542,0.00636413523204763,0.00418704055735425,0.00655406893110683,0.0134391029661289,0.0148334996971588,0.0120881335064882,0.0226519570542328,0.00775664552388803,0.00554156611828242,0.0101572769714138,0.0131893288947027,0.0101286172819827,0.0115168561852178,0.00300039438271495,0.00768821850212838,0.0191395152447188,0.0103753921588302,0.0125924298756127,0.00979983626253569,0.0127733704438104,0.0158778875534278,0.0101536540006081,0.0103964084009461,0.00980670537816214,0.0267224880925827,0.0101415129775085,0.0213328916310736,0.00957056724585218,0.0187527791928107,0.00520191561059519,0.0153712721089625,0.0111856803798617,0.0192002742106251,0.0109607012945752,0.0134563745131606,0.00460511024005126,0.010423851424898,0.00455294685404197,0.00728741862426668,0.0156696511558729,0.016260480505071,0.010283432803787,0.0102927533060949,0.0160251495388281,0.00929516464718644,0.0106598016316582,0.00299066933231682,0.00861642022493381,0.0163282077997772,0.00420818196957194,0.00678861526479685,0.0215858367244627,0.0188257523301533,0.00925725580364382,0.00818495638745884,0.00799031161894374,0.00733337994290623,0.0200090998624072,0.0190203501646316,0.00337950464073008,0.0117296713596042,0.00508879902364839,0.00500608349121003,0.00957031601796149,0.00349699693045299,0.0122179075141523,0.0134587596842288,0.00495191355364033,0.00598746799200968,0.0106859235935518,0.00907509014093041,0.00306723149827259,0.0229664830150633,0.0104506489933571,0.0130729818136248,0.0166358347869144,0.00646566191294366,0.0128334287266279,0.0174143681380737,0.00693696172497863,0.0081831983178147,0.014067630572148,0.00895409819268252,0.00278520844470785,0.00745777123654288,0.0190805672914585,0.0027821998764838,0.0154266570163984,0.0181708901264327,0.0140452444297789,0.0120839507682033,0.00629805652214817,0.00605650427875013,0.00584471884445866,0.00835183305384211,0.00727157024094719,0.0171022181864256,0.00934812395880987,0.0120604701161153,0.0147454558373495,0.0191678968265883,0.0106864151649876,0.00499044797685633,0.00900725058632899,0.0191554028368622,0.0241178988873407,0.0110215840189072,0.0184038571404038,0.00882343518096536,0.0146690718362683,0.0168200918358678,0.0101598099400764,0.0130451271906234,0.00373696219294284,0.012703512208878,0.00231660380057667,0.0188263013283829,0.0071529025845206,0.0156831224917523,0.0162423845110571,0.00912770803673213,0.00420781952746332,0.0031313869335449,0.00670671410994726,0.00512339409643133,0.00729506003953227,0.00582328704463155,0.00994071177608513,0.00304892730516273,0.00591833412139537,0.0104334040125943,0.0196183501454557,0.00665535321181288,0.00567003919252945,0.0175207035767085,0.0173899929787892,0.0198229516465139,0.00749480634935359,0.00575184314673657,0.0139717247929447,0.0125209136006157,0.0138920686330587,0.0187743839632461,0.00554640735165764,0.0176144045061296,0.00693677770220635,0.00606187553382454,0.0160919082193653,0.0109959260343013,0.00524464542209502,0.00560838074827317,0.008453126136955,0.00229794122977955,0.0125039335940509,0.0123167594948027,0.00538062258995412,0.00852702062578429,0.00881432089580799,0.0228619786189606,0.0148243864437183,0.00706083525346751,0.00652192957673388,0.0134750353792197,0.00509221372092454,0.0128472126038853,0.00771851546172527,0.00628763403871517,0.0162047728976268,0.00784003272150694,0.0193679435276516,0.00605376541397873,0.00626079038505302,0.0139241858221535,0.0208572804678639,0.0131754017495457,0.00317990058659484,0.0119037596371652,0.0093891151248886,0.0174032220029109,0.00756608694285514,0.0167730081866708,0.00654232027342838,0.012468861433436,0.0113728030480841,0.00702799380555482,0.0139411428588473,0.0072040334194336,0.0120759742419228,0.00467719870188247,0.0102505601427203,0.0114676187150192,0.0138690191859044,0.00731204810972602,0.00954525119986255,0.0138145540384623,0.0134242608384662,0.00713651517042707,0.00486927643800439,0.00950802892202429,0.00936997395649865,0.0030381182928888,0.00646542736361115,0.0174803842217558,0.00786669123847938,0.0107386681900535,0.00779723747638161,0.00777321634443943,0.0117058010557717,0.0118690308310707,0.00691826924934243,0.00447178012278573,0.00686608621056613,0.00251257242745223,0.0148782624069199,0.0129626650989036,0.00307593146403593,0.0107589439504434,0.00468417679377864,0.0104468157428481,0.0116584226302326,0.00429557200060719,0.00806482688781191,0.00759995526771025,0.00538639228892,0.0186781269839775,0.0085443795602501,0.00644600225704263,0.0143484714074123,0.0124588512119632,0.0059832198848568,0.0169023118980162,0.00572422676436751,0.0108142495028364,0.0113354155738575,0.0111299915226094,0.0190377573461808,0.0151765296706012,0.0149006460769415,0.00815839466281887,0.012069135177331,0.00425513433170545,0.00643428128080017,0.0166725848563582,0.0137800474358123,0.00925751285446474,0.0125708339557437,0.0113362958032216,0.006436729643975,0.00834321770660198,0.0156558175012455,0.00505686756748723,0.0223081312893087,0.0158879539520301,0.00698884729407708,0.0128071514741912,0.00762360473171336,0.0114951726389415,0.0151518875763548,0.0121513359431977,0.010777673471409,0.00926427104992354,0.00800131100896858,0.0108731055809679,0.0038475902049769,0.0114153157506372,0.0187008661921653,0.0141556552409552,0.011235491203815,0.0111987639001386,0.0101895839790943,0.00639422251440799,0.00537434477803049,0.0106916207472625,0.00479851523314132,0.00822181437504999,0.0150967616868555,0.00650237190889933,0.00557560618692584,0.0165495173463884,0.00741161392797094,0.0126496714839171,0.0164246668642525,0.0116433355418107,0.00820730845493108,0.0102167818839871,0.0123597334346599,0.017772512865721,0.0176741480742446,0.0113297919816213,0.0201524601695682,0.00681669348450635,0.0146341676748245,0.00399534200215157,0.0154685335184138,0.00964716708938292,0.0193153277107899,0.00693395375104119,0.0121950241840146,0.0114124797021651,0.00413128384916772,0.00406979091722591,0.00300129034274763,0.0160782646841971,0.00353288916297323,0.0169048435437808,0.0167059324723123,0.00902391245820021,0.00634828627569017,0.00956418231439275,0.0161332228997928,0.0122763599936103,0.0147134207972602,0.00983394405039495,0.0088319750766719,0.011854394877394,0.0155170752053402,0.00687007979879665,0.0104989944581373,0.00635435354747499,0.0124904594114056,0.0180774889073112,0.0075262776365829,0.0127514977898685,0.00897506723820442,0.0143752315812333,0.0217100578330193,0.0227740328090217,0.00575266202269146,0.00911839144826336,0.00921146725908586,0.0108359477884176,0.00603467247288349,0.00477823897294166,0.0200865756860096,0.00711670516879161,0.0105881211767814,0.00927596890465652,0.0131439080313886,0.00938545989022036,0.0185850763580184,0.00663285499952682,0.00875728315905857,0.0260506190032964,0.00948688684097012,0.0119319142908393,0.00952339385446797,0.0112583317424994,0.00990939508280969,0.0144802604744645,0.00430828736456766,0.0133472649283916,0.00639581206872745,0.0162411842751713,0.0137144136756735,0.00977842670676308,0.00991029253375767,0.0121635850703624,0.0126517361580143,0.00686587924366178,0.0146593748996915,0.00783929979008058,0.0099153411980521,0.00920223823996258,0.0113497106395751,0.00485083383785908,0.00736118209379916,0.00914309402116564,0.012510346075246,0.0201880609767006,0.00822884815746433,0.00426488688090491,0.00653030026587557,0.00638971989315638,0.0128663263613006,0.0242786982363626,0.0193045780028376,0.0100666415172762,0.0149645340050065,0.00785109232492989,0.0132843881629593,0.0156658669789508,0.00592305037078452,0.0122227729084509,0.0115722094565161,0.0132705360548669,0.00893070321055471,0.00612024086440919,0.0242021944117271,0.0111594361073308,0.00916328160118181,0.00463733615944634,0.0111140133124049,0.00876246135272742,0.0201388173708659,0.0195550005791065,0.00710148779462137,0.0246678126474692,0.00586274195503333,0.00789952168284484,0.0246309011539244,0.00751883288251171,0.013836058022594,0.00963185963010057,0.0115621052842747,0.0102754461103351,0.00772255433385527,0.00433849381556587,0.0213251376452485,0.0114670566015033,0.0192002609523537,0.00453639397819935,0.00529401745253181,0.0111597669975336,0.00751377634320179,0.00981816143169386,0.0058473157194508,0.00818132281169807,0.0167058930003764,0.0090581689048783,0.0109420177402247,0.0096574604254908,0.00620473217272808,0.0212805208318601,0.013903404511561,0.0112049619064727,0.00849490002097077,0.0147807242294829,0.00317699641065304,0.0200451445561055,0.0175577883228782,0.00808904147536366,0.00894177048765147,0.010981404435305,0.0105314372668485,0.0195639118981319,0.0042796237029412,0.0165096012784762,0.00179313596175351,0.0045178305730171,0.0134069844484025,0.00382970748806224,0.0221040723169553,0.00638871541964174,0.0208718066513917,0.0112085241156391,0.00601017890412738,0.00349186745907489,0.00612991864498487,0.0156376658306338,0.00680770456919561,0.00796825545080813,0.00698307941232949,0.00613895955332886,0.00625124617366133,0.0137026708262576,0.00877392794673916,0.00700356386778163,0.0238405530251267,0.00580213422373273,0.0109129350066587,0.00428698066936182,0.0191313330040498,0.0118450217517585,0.0184662967451599,0.00726983316632409,0.0047050912193534,0.00998723853003318,0.00710295888208395,0.0100487303562599,0.00975720469065402,0.016720539643448,0.00787760750136067,0.00710713094935604,0.0117446860494328,0.00571764646520192,0.0120022402956692,0.0125517147557179,0.0107726554813858,0.00494843306934717,0.00880732166646446,0.0188890234776204,0.014216797978464,0.0181677927721644,0.0176876707921289,0.00847490484505588,0.0125601276053453,0.00655042058829752,0.00624084783733766,0.0102767715451046,0.00880870572977499,0.0127235123352165,0.0102897876552565,0.00473465247820432,0.00476336213284236,0.00867531348847,0.00724972404953265,0.0114865023019123,0.0109367289362936,0.00527458963964382,0.0093447587552802,0.00970719024840533,0.0167636939577162,0.014078435179182,0.00826295730410901,0.0183289321436239,0.00523531203075859,0.00942784585033403,0.00728077721482591,0.00856469178125655,0.0100398047951827,0.00933555718584409,0.0101491405405743,0.00875413979909778,0.0138976928710918,0.013860690549194,0.00832449121639954,0.017365799680124,0.00911638931259501,0.00840573233390474,0.0103242628760286,0.00648401441075841,0.00679588799970728,0.0151107445481198,0.00594483418849434,0.0137097343381363,0.00874234571081432,0.0101142774238381,0.0184117001481545,0.00555724355859131,0.0151870651818438,0.0106798593309826,0.0128789969410154,0.0113290800188131,0.0054039006869099,0.00512042913718674,0.0103583476011901,0.0100650407806231,0.0122409603611358,0.0145281349655607,0.0064934993257405,0.0159005872876331,0.0139632349879724,0.00577525422784625,0.0105670231572316,0.0116746546592651,0.006796767850871,0.00724444082490566,0.00747805146307497,0.0191128768521292,0.00851517942451028,0.0117855635384569,0.0108755105201136,0.00946477605419344,0.0121705787554542,0.0207891089089677,0.00437379402771186,0.00588260157664026,0.00837795582161492,0.0102208143681167,0.00945537994313604,0.00541094567797656,0.00443139880197049,0.00992978197683527,0.00706606919782375,0.011550673083014,0.018751229463213,0.0108580681901195,0.0100300472323057,0.0105163692167654,0.0116612903240473,0.0098310383700946,0.00795150913951342,0.0132831905670079,0.0128784206186724,0.00887598508276177,0.00999041686137777,0.00616754817276142,0.0130179112280547,0.0118839797206488,0.0202915201294228,0.0119902633840606,0.00679037644824717,0.00813952116103126,0.0121353522715278,0.0092043107742555,0.00792885975975594,0.0066591402014929,0.00578198867118442,0.00461111717542177,0.0167392773683777,0.00461409826946655,0.0149181751264138,0.00322111100681173,0.0284051154420537,0.00590952806570011,0.00627242853510111,0.00404561495335613,0.00726608353276951,0.0108342573309403,0.00708969540544604,0.00990769524693077,0.0118920726231859,0.025273064410238,0.0173674171934281,0.0071392303216122,0.0107209767208361,0.00741120528175591,0.0128990634316253,0.00721711809076111,0.00644456579742342,0.00921511556502319,0.00592954654285743,0.0146279966853429,0.0191807243176321,0.0118443792661101,0.00908414497576848,0.0137972881711648,0.0163982234182302,0.00289053209637567,0.00797336909455778,0.011422749877885,0.015252702091554,0.00599917316925162,0.00762450705742272,0.00454374564974319,0.0107737746372805,0.0172971479929735,0.0114238125003952,0.00501045856832235,0.00726197661842365,0.00875440250364758,0.0143650705057943,0.0118980093921357,0.014764860118535,0.00923203923090001,0.00524649961604642,0.00884850775313747,0.00340085660258159,0.0168154432785855,0.00613094409540998,0.00834310103615475,0.00585210864395021,0.0151125880828073,0.00955335527608932,0.00862772946780394,0.0118170297740491,0.00608863899557841,0.0146372378862506,0.00794278199526433,0.0261868088429664,0.0175832576960168,0.011456191546405,0.00955883986103882,0.00798317853642831,0.0119284435243378,0.00520433631723187,0.00834394668692477,0.0068852916212321,0.00957382024847597,0.00789470770733127,0.0163307322253254,0.00891215306815596,0.00950717234448636,0.00813307050124645,0.0149900937009836,0.0129502505015635,0.029218695581403,0.00947045467309267,0.0183167090967287,0.0150422331786214,0.0105904115437064,0.00443885854455992,0.0112226298740159,0.00872251078110298,0.00773089110163422,0.0142920066032971,0.00925713609217547,0.00911745510008784,0.00820020929217541,0.00664929852376935,0.0116999807946429,0.00995098226798143,0.0149902083261004,0.0114586896920568,0.0278920732643498,0.00699039817684992,0.0125980850227384,0.0236666551128819,0.00983840692953382,0.0104054556554237,0.0104166135450816,0.00549031952132745,0.00847320925209203,0.0164410637137849,0.00558831622130679,0.00863200091447541,0.00361130348841754,0.0143815601710037,0.0121387334213525,0.0114356465026134,0.0118682780938462,0.0141856104611142,0.0192938663666483,0.00676205333218037,0.0094578047703288,0.0114846952732745,0.0137972955946329,0.0150292894102497,0.00842958775584252,0.01299278104755,0.00803614164063491,0.020268025558628,0.00740779452470804,0.00566897683008812,0.00866130891494838,0.00949079595956749,0.00628116320512963,0.0194433443902427,0.00621597022776297,0.0095870598067534,0.0147144108944701,0.0075351083181555,0.0108490836735249,0.0140246049276982,0.0134399576395815,0.0130046437116209,0.0142222713855046,0.00438016307882492,0.00941111577793215,0.0166914703908284,0.00807336498372496,0.0141677004022632,0.00622272625816787,0.00710847985609325,0.0142987607323527,0.0112827416823707,0.0041432246558429,0.0114824129003572,0.00804169607657714,0.00684698702603687,0.0149485423493077,0.00631117433260862,0.0114217294436593,0.00495998768333489,0.00581874975432069,0.0228844109904638,0.00916820534423783,0.00490351794455746,0.00837577573100392,0.00752950008453618,0.0151368544952324,0.00694947338704131,0.0120977247809158,0.0137399928423216,0.0124280863984947,0.00911206169493106,0.0064563214808875,0.00449580077258368,0.00443394051141671,0.00909217270110465,0.0129364833881836,0.00786214450647443,0.0134645892765232,0.00716605550706253,0.0214912169590393,0.00597647861929734,0.0250238055204305,0.00715541650627324,0.0108284497122698,0.0206546839804552,0.00499789818322954,0.00828265629620447,0.0134977844264542,0.0178461568130129,0.021506419133529,0.00902752958844842,0.00747754824663882,0.00545938164970659,0.00316928768528909,0.00809588113004219,0.00927178528141248,0.00557394671129452,0.00459731085443995,0.00863797535797393,0.0114493060620135,0.00390469653384978,0.0217246514767076,0.00718334779154526,0.0134474528542988,0.00685449847650062,0.00494455341421999,0.0114423882436562,0.0143369809174833,0.00803768867230742,0.00350543921135649,0.0104210579050649,0.00673507334678538,0.0129135987554924,0.0126002926991801,0.00572602157360658,0.00923213098228772,0.0173620852435446,0.0129653752598201,0.0126891063477345,0.00685922942697587,0.0140652239976174,0.0157126625680817,0.0105088432528934,0.0123291470006893,0.0112599808109528,0.00797753888395151,0.0107573257756268,0.00885806688400929,0.00670866004497108,0.0079354662482661,0.0135260534013765,0.00958946873678707,0.00361955594966421,0.0104438471150515,0.00962035653505803,0.0201907813818332,0.0226322664427204,0.0080121652581757,0.0190057805943328,0.0262426900828465,0.0171026545825484,0.00610664860719915,0.00506214438189058,0.0123879597606337,0.00304285359762246,0.0130678824631383,0.00605204820600234,0.00438771933021474,0.00689478473681278,0.00769257428481362,0.00606220262553925,0.0192155788427908,0.0114679724346111,0.0159625005965655,0.0117117668324521,0.00718329670366944,0.0182466006689228,0.00593385322509034,0.012744766210875,0.00707689793590547,0.00980210109484338,0.0100943770499609,0.00606761982969815,0.0176105106972926,0.00873260685042202,0.0187695582989219,0.0062410105324408,0.010771974744966,0.00301850935224722,0.00694366393443089,0.00788938369113806,0.0103733658528923,0.0197229553287782,0.0101267275881474,0.00758361429854162,0.011032716948236,0.0107478879534112,0.00431501786093491,0.00560661117077693,0.00759953479598733,0.0123490029180984,0.00929322561530364,0.0130546763480735,0.0150968947051663,0.0130478897202428,0.00828071014902863,0.0114472364302654,0.00590560241489914,0.00614142289335501,0.00792502184199519,0.00666941383731719,0.00564453586602405,0.00206050517167848,0.0214425191544133,0.0118497652218696,0.0112480767873634,0.00703928547608736,0.0119582927192785,0.0109424056030025,0.00494701031090605,0.0153586109825113,0.0166143490130298,0.0100367055669619,0.0115584812120942,0.0055545759270465,0.0107886599388052,0.0201151516563044,0.00708386302764086,0.019782877165467,0.0135169980646838,0.00893268077814772,0.00745177565375471,0.0147883290491838,0.0164803683849956,0.0182472565971073,0.00762537236647755,0.00794646868772705,0.00934084130317708,0.00532399284367831,0.00829236366663133,0.018275686541248,0.00696020186340074,0.0150619588004697,0.00269947641784526,0.00426819981219186,0.018074700794876,0.00874743120617154,0.00862317581750666,0.00859336052504537,0.00536007322488426,0.012967432575843,0.00517561595761921,0.00368263895791023,0.00822067658239972,0.0125100916049534,0.0153167210038861,0.00927937129947914,0.0267160310086691,0.00992141479599989,0.0058970675286241,0.0181833494218075,0.012142195364713,0.00648749318692171,0.0127728781309229,0.017133043810922,0.012110243206692,0.01298595465038,0.00763199057839044,0.00278285089112336,0.0111290171250551,0.0124562346794283,0.0137182778751978,0.00585674283385003,0.00708112406592853,0.0084491772579283,0.00444038213233861,0.0146642792618539,0.00625924865636335,0.00832363457685196,0.00744609495661676,0.01459847398868,0.0144174288422271,0.0161978197022571,0.0149558733205802,0.0177906590950983,0.0090568758368092,0.0232114262022981,0.0133710551145265,0.0127822960465349,0.00444671938798796,0.0146142504476813,0.00832806573207316,0.0168144814677859,0.00818754240497047,0.0137492666453911,0.00717093154917329,0.00967055930558107,0.00883860097143796,0.0143776788885747,0.0103960523794225,0.0238784720008806,0.0114470119902975,0.00759343138803651,0.0126555333217713,0.00433438082618676,0.0104251305619733,0.00838771874894016,0.00522464607518793,0.00904853387334966,0.0132210533197554,0.00575505462214719,0.0111135188940227,0.00506146235448783,0.0215399931669449,0.0143007940256227,0.00881124418008713,0.00784052272006528,0.0235221409564113,0.00591371661906396,0.003763386300278,0.0170940266466806,0.00929135248216438,0.0142136091491374,0.0125526023607174,0.0063957733552264,0.0227525819334998,0.00890060928581132,0.0274901131313272,0.00981500003288665,0.0129173403541576,0.00935721567990638,0.0117960107105674,0.00825170203926277,0.0135376908589277,0.0124484975558515,0.0258326415556285,0.00825474144491817,0.00720408677519195,0.00868185436594088,0.0116918523304442,0.0204664920259707,0.0165406041324965,0.0104713533372515,0.00391101241939592,0.0138017303369463,0.0102265990536352,0.0162209936972968,0.00828404286502793,0.015027628004691,0.0132818415451167,0.0131320822008237,0.0110859237004284,0.00942534840599217,0.0156090401346363,0.013936913989723,0.017209046734641,0.00694028037889203,0.00992301183306639,0.0184380157106372,0.010663015865169,0.0120014804972591,0.0130708591110065,0.00895908776543595,0.0179960864369547,0.00779066525856962,0.0197274475661703,0.00989188592992546,0.0226430657599285,0.00542931235225846,0.00758143520735029,0.0128591564762621,0.0136909870183033,0.00890771092696663,0.0126812986509189,0.00423316784913341,0.0080596600995441,0.01892109305646,0.0179816824383494,0.0124092363842268,0.00960684470535659,0.0106628006213272,0.00707143844930558,0.00449183700916802,0.00995605415397029,0.0238189394018153,0.0204419338321551,0.00577799357801778,0.0118285429783606,0.00788608200468471,0.0108628999006449,0.0170067531144149,0.0184328280417514,0.0125418064342258,0.0132615815092922,0.0123268264036966,0.015896667479438,0.0114902322738711,0.0126241821122348,0.00583891572287506,0.0198365111429811,0.0127985124672853,0.017539933728327,0.0039345608949104,0.0164966046941049,0.0190015941420232,0.015596491684163,0.0135488087664531,0.00358137351150554,0.0101480787886753,0.0167564466782703,0.0101893555801955,0.0117116853915597,0.0159490000980814,0.00431246009426115,0.011992624451463,0.0171076996729272,0.0129705249602635,0.0105340109034193,0.0107700999377551,0.0084157537933312,0.00838813448858309,0.00955423627664256,0.0137136488415462,0.0102737746336516,0.0187241336500451,0.0158195159930336,0.0112911486239556,0.0176659726476602,0.00843100491717889,0.0102577545490552,0.0135691317900423,0.0103469242022281,0.00867369164013339,0.00684586008982792,0.0143561235165677,0.0222072980039496,0.0117598530222697,0.00999198776488025,0.0104096385744605,0.0135833485311751,0.0160627676353445,0.0100572019674916,0.0105444350781028,0.0163070684730596,0.015610976507547,0.00617188373585631,0.0121560335432023,0.00674979459524457,0.00832420569262573,0.00786859188101809,0.0064811128575802,0.0106788197638753,0.0179928534062382,0.0152351694505368,0.0157732446506477,0.0106099747929972,0.00710117710138453,0.00319888765500222,0.0216906550399428,0.0171503732719761,0.00774920080752404,0.0123220771695899,0.00512094614767792,0.00553845852088245,0.0146257142571844,0.00643605231382912,0.0060516321616248,0.0144389174289495,0.00951326896806258,0.0131209782210494,0.0143977220171216,0.0148397304953884,0.0139569757678264,0.0232088508727626,0.0102308291452844,0.0075192246869885,0.013766731145757,0.0153190142026918,0.00862195406169667,0.00905167698152975,0.0094373164686715,0.00675938323329373,0.0194485867202373,0.0117859705577661,0.00755588696684693,0.018937963027927,0.0151670363180455,0.00273838458662616,0.00985866077118845,0.0110395896433525,0.010096845552986,0.00705211880385037,0.0201523545580137,0.0118310859594154,0.0161933347927368,0.00565160455383797,0.0160134900000388,0.00923222657601788,0.0146906408602061,0.00324320749800276,0.00840289987773572,0.00673821897044713,0.010105001186889,0.00958449863303623,0.0119347155926215,0.00389327012576079,0.0139706513687139,0.0228419882881107,0.0186602157616458,0.0102458119360336,0.0116785480266513,0.00555965270437379,0.00667335192939537,0.0160879234742065,0.0153080247017121,0.0122258996378821,0.00195134839008243,0.0114042212467165,0.00345152117539627,0.0171784814127412,0.0157252988911112,0.00562773677234267,0.00723514695433525,0.0233810778583933,0.00632857981398037,0.00847434915579394,0.0157428078336213,0.0080978188494736,0.0200417581445514,0.0126442265237356,0.00738790208029692,0.0160757180663733,0.0119873758600426,0.0191258530579531,0.00978442997261494,0.0190252778870521,0.00370607510075062,0.013535740711661,0.0183843764994283,0.00682384925048254,0.0135095736074176,0.00614713124095534,0.00669995269993242,0.0101653739761809,0.013051327047019,0.00798195703659605,0.00273103115221858,0.0159461226345282,0.0111772246874508,0.00546933045838544,0.00915602523676728,0.00934449975807513,0.0160912499693764,0.0154088027177562,0.00646706405944044,0.0083480669135545,0.00639340728084383,0.0141987099095583,0.0117040664745063,0.0027659128240628,0.00605989158870365,0.00473392116305214,0.0119823665186171,0.00491813281983135,0.0121487271375324,0.0106869917165791,0.0148058956685642,0.0107719791339901,0.012512336948132,0.014081218003348,0.0120789147177816,0.00734112054753435,0.00413252279183694,0.0112352982217334,0.0152074900642217,0.0148980031661654,0.0125641400853601,0.0084073028859787,0.0137207222355759,0.0168665886070902,0.0270742377792692,0.00874788470794624,0.00979504691105002,0.00977833737688285,0.0294163148554274,0.014522098658001,0.010438846682806,0.00458983666267236,0.00975531567028913,0.00901531086496943,0.00816699133278459,0.0139033837854662,0.0206242332226711,0.01159723578466,0.00487756929892365,0.0130888203664771,0.00761339015474816,0.0131414151164349,0.010339437514908,0.0108400475523188,0.00929408418978208,0.00841894578898086,0.0103251791687012,0.00434968064546977,0.0056108171393013,0.0141867615038143,0.0138346266450408,0.0117095363273679,0.0178590639081667,0.00467369472174774,0.00645804034550777,0.00918939879996219,0.0097865207269308,0.00890615286625296,0.00506815832816571,0.00953112643931897,0.0136557120670483,0.0088810252181751,0.00865266608357668,0.00775778599248333,0.01238714333746,0.0126441631864124,0.00764655962396819,0.0219269060722589,0.00553223797518872,0.0112390184691488,0.0162968811356024,0.00934930448744252,0.0221767994152841,0.0071638452904901,0.00942096105683991,0.0131533847822459,0.019047881447239,0.00824033288718398,0.00946842448108935,0.00721539105097948,0.00589138808043632,0.00206722847721067,0.00986384334065887,0.0149746336081467,0.0223473170308676,0.00544129691527277,0.0118945372608758,0.0155498464025019,0.014173135629887,0.00527440293812612,0.00859165517010163,0.00933808006167362,0.00635168648444294,0.0192460132898589,0.0129320864929116,0.0122482296103303,0.00246018007213929,0.00915262535487122,0.00484884633220338,0.00599875216904461,0.0119184497297519,0.00667280056001525,0.0212508023223612,0.00663778293565787,0.0102036305151819,0.0120670298178622,0.00663914362483964,0.00800293514472307,0.00863010173331604,0.0161063060192022,0.0196044718230939,0.0186779260020198,0.0184978767292614,0.0100458921258475,0.00726293243896283,0.0120055280958692,0.0162290818380431,0.00676211002375834,0.00220475914802524,0.00947664246833163,0.0030130281761046,0.00323678743681975,0.0101465209129097,0.012974955128603,0.0103384883415878,0.00759901870407113,0.018183007943898,0.0224277344219963,0.0173226694207311,0.00614877087132211,0.0100229560092152,0.0189796095891032,0.00601601420192353,0.00654644099243194,0.00936093180527845,0.00710664542442892,0.0102397381686055,0.00595108843225112,0.00922866222546748,0.0172230771652149,0.00853575111670983,0.0171086648810473,0.0138760324435727,0.0218154176921825,0.018727671202947,0.0186023978511977,0.0208892435453577,0.0141312426971252,0.0188954774346678,0.0233621223193155,0.00751560833446574,0.00767795890564273,0.0214085969707399,0.0205701098483673,0.0117352319117278,0.0112116874955475,0.00899687527179867,0.0036506996668492,0.00304131832097748,0.00820891286817466,0.0117192367547339,0.0176600467794955,0.019693503778884,0.0161810948435627,0.0172674844738664,0.00863472326822048,0.0081105476482472,0.0075225663072046,0.0108292332351742,0.00383839489283207,0.0145848553361145,0.00404017484107561,0.0119525777501453,0.00489717861090333,0.0229564049146653,0.0138206383508894,0.00809004971025209,0.0213194380797225,0.00929585176218995,0.00770117836462486,0.0119579616730489,0.0135746513242962,0.00642893437417395,0.0059758292982286,0.0190371968442564,0.00863874420821326,0.0201744686448099,0.0121381905068646,0.00930547252331212,0.00389231439124756,0.0132504838288638,0.00424218368162057,0.0051115570199074,0.0198752477548557,0.013887955863185,0.00650116083205432,0.0151833241756447,0.0119814511844086,0.0109099217135043,0.0106867745544775,0.0068695198615963,0.0104897513357487,0.0130540344616035,0.007962745532183,0.0113553195979212,0.00771420184999216,0.0101912979706431,0.0241167854709706,0.0130670028392612,0.0107595357395442,0.0105171600394902,0.00200033942582291,0.0100683327398311,0.00997181352404575,0.0065402915935594,0.0196279210602036,0.00818210896209191,0.016811825517541,0.00509206373545719,0.00517101900568053,0.0115978003698845,0.00826934166419825,0.0124983793333372,0.0115945141657372,0.00761880994642879,0.00795267619136321,0.0133264278618585,0.010480252716874,0.0106741881655556,0.00358653777687923,0.00857636618412822,0.00838930634506485,0.0148386782470466,0.0114455651010826,0.00916165381267594,0.00953408224308152,0.0217106916773469,0.00956899867293602,0.0127278356176843,0.0172533050208016,0.00392994980150859,0.0249963349496854,0.0146313631711736,0.0353621011421595,0.00942530905017166,0.0127274684443408,0.0100470863767024,0.0149828282403315,0.0115138179520293,0.0176685131036751,0.0159519234427325,0.00522572038492044,0.00962791041707922,0.0107055979893798,0.00777628562691888,0.00878557676035909,0.0108176052738026,0.0067944671928851,0.00588348291281612,0.00945036578866273,0.00726545024928303,0.0074975752615785,0.00442798013001861,0.00809211712870102,0.0035221740611154,0.0140206212009713,0.013442537815296,0.0165344190576125,0.00519798345409911,0.0093720606322363,0.0337196477717345,0.00980544128043171,0.00827523700257082,0.0162890737416949,0.00824347748936392,0.00757996386210269,0.00350374946898132,0.00659898146303869,0.0119172522717041,0.00572069083889855,0.0142630430276865,0.0166642517687434,0.0159925603661756,0.00479920538897035,0.0146787246269795,0.0119943940902595,0.0105209884569669,0.0184810274382495,0.0051837100782333,0.00850461203759327,0.00211655369670338,0.0166298513599723,0.0118146936346739,0.0163190159817137,0.00790752100534409,0.0080481781486492,0.0124281413244933,0.0050066927565076,0.0207496746498367,0.00305060308375623,0.00892697503141253,0.012658314457654,0.00912926422561013,0.0133726652262986,0.015216091028721,0.0118885917327703,0.0135514812170013,0.0192646583198972,0.0089804200414304,0.0107729942102171,0.00983020889289173,0.011026972448476,0.00997558495768208,0.0135747724632407,0.00698664840337454,0.0231149844993879,0.0107273013919812,0.00630435929370558,0.00470181477016551,0.00590798929088658,0.00489722606778015,0.0123861051223237,0.0108581769808788,0.0104762512647717,0.00496412383151466,0.0184987590516865,0.0114490283654936,0.0172028233863188,0.00696790183844796,0.0120881745940607,0.0189316850616661,0.00346788441746502,0.00924363062248559,0.0113752977199993,0.0138634846084661,0.0118826722223897,0.00645750256077391,0.0138726639102334,0.0113624846324639,0.0147441922232582,0.0100221432465319,0.0103958117950818,0.00715239292718954,0.0159395643229179,0.01738089532022,0.00416794895756184,0.00779656575962258,0.0179495646259005,0.0232173904806301,0.00461603076554273,0.0040062909993321,0.0127951625106824,0.0108490422799854,0.00456975459668864,0.00483222059213673,0.0115779287086563,0.0139666347453869,0.00918521015465744,0.0136044902086327,0.0133914082685894,0.0150379408828459,0.00662602943274802,0.0100000366858316,0.00479846763493482,0.006744602537423,0.00452657424849325,0.00619835928863867,0.0197108689215104,0.0209146883882153,0.00851381583340786,0.00417866429484124,0.00806564168987758,0.0141633738890054,0.00886381865006205,0.00848578006089288,0.00878775014767593,0.00911856202813277,0.0125012744344391,0.00471743862587953,0.0145289978139072,0.0275232502704515,0.00742536311468645,0.00510132331964954,0.00879583204669706,0.0118451949867575,0.00874887765008705,0.0132365975751929,0.00335805161432427,0.00887306546052003,0.0114669744914369,0.00972980486795018,0.0151735995130584,0.0086813808717236,0.0194703205875817,0.00957446463626473,0.011237700855516,0.0126285745071052,0.0187176721500077,0.01329375904015,0.0104197782848998,0.0109151685570488,0.0191847740418858,0.00686568179790081,0.01520197617244,0.0204849847303794,0.0108860054722073,0.00587618444645838,0.00699642913557493,0.00916609518044724,0.0133009231887644,0.0163162158755999,0.00481299932235859,0.0125528532132056,0.0129115821428324,0.00982356152720532,0.00935313900168912,0.0163967971795181,0.00930740666193837,0.00572095591897485,0.0111672097725756,0.0048648535114331,0.00612267665700979,0.0151773489086158,0.00699129941323149,0.0164092088775341,0.00419394028503456,0.00509204002673467,0.0124766188380826,0.00368265191133182,0.00478640832473222,0.0117574288491356,0.00801086118449139,0.00493158654884736,0.0037315317970922,0.00972407977922324,0.01098574541323,0.018745480892915,0.00406525801587593,0.0148129639987163,0.0151668743832084,0.0146581960381704,0.0104423847988885,0.00759765351303482,0.00889632335611223,0.00717103841591586,0.0165353720635099,0.00624298793396518,0.00837489634451296,0.0084398379291323,0.0126045132689978,0.00978415559186746,0.00844203041506308,0.0286705283853961,0.00764701218671339,0.00619576449994425,0.017142098439635,0.00666722219343859,0.0134823851158449,0.00933605412549536,0.0149057696656482,0.0150053239109745,0.00969274463756729,0.0155287731749745,0.0034878330467127,0.0189096680729618,0.00735578954922528,0.0103755754655298,0.0154413261605759,0.0123075534471487,0.0200185002388411,0.00915044241515526,0.00538831354448877,0.0125959169843493,0.014544247994305,0.0142520858837318,0.0157267424107415,0.00441477974206441,0.00765963667329683,0.0108217064220532,0.00907306130622594,0.0077083334704122,0.00929030217664153,0.0179674623465498,0.014364584064582,0.00927599742900294,0.00965351920349313,0.0117778794925443,0.0198694616289562,0.00653982689595319,0.0142512975232326,0.00533998066500169,0.00581662334227282,0.0115970112277618,0.0074845628810846,0.0103335223732922,0.0183360177869178,0.0129095502174488,0.0159891479481853,0.0150510203344217,0.0155707172970282,0.00594291642330763,0.02143602524254,0.0123945821584781,0.00831218121114789,0.0102175399661868,0.0289470822182433,0.0127864027843585,0.00817070228703655,0.0104150280653439,0.00622555743113982,0.00559307767030187,0.00556432431336749,0.00515139002486844,0.00523509051636538,0.00602434638732859,0.0110708933759766,0.00885740793508792,0.00828616794283538,0.00900983353388217,0.0147805790153215,0.0118208250817704,0.00982861496842852,0.0124147832250534,0.0184177797571443,0.0162060049297701,0.019714298043875,0.0129417115276024,0.0124875247302463,0.015770277225482,0.017013561031409,0.00848752378900179,0.0120418092382691,0.0194386788721506,0.0152621905517332,0.00782503219505287,0.00482633961568592,0.0123180084924912,0.00304901378447085,0.0231974028041421,0.00743790073742939,0.0101115529543256,0.0212688648870788,0.0102077434612077,0.0032168747763792,0.00803710154222107,0.0149426697265054,0.0205592605448658,0.0177020789831579,0.0160991482930598,0.0188389837156413,0.00774058267122369,0.00576655385156762,0.00665919027988393,0.0119408240186481,0.00651042710723028,0.0145872057354191,0.00495868467769513,0.00648023903978963,0.0152762994727344,0.00446086023069866,0.0105095300814076,0.0138652701942637,0.00891574109080395,0.00591158484634267,0.00929103315999893,0.0176438024132555,0.0122464844804003,0.0180328122679666,0.00763697124352817,0.0105904549190049,0.0137215330600607,0.0158156160020304,0.0241952910713591,0.0091542660857419,0.00704784068691664,0.0291221282238897,0.0144617801313009,0.0201628892129337,0.0108591723768821,0.00904143525640285,0.0178940555843568,0.00962788365282783,0.00329405777600141,0.00809465854321808,0.011490615208784,0.00644411371221374,0.00428067726042503,0.0192613985871811,0.00663680557591267,0.0045255164245601,0.0114574895018954,0.0113886853700302,0.00636452896676841,0.00930632262287277,0.00734441474986162,0.00175256508140322,0.00939989495082272,0.00244323477955721,0.0126045866232232,0.0129833363782495,0.0129047500026701,0.010350367943323,0.00763073284443022,0.0139199871884756,0.0106885330656743,0.0177747085290453,0.00695122278230324,0.0056466909411743,0.0112665634975629,0.00993197939799623,0.0159091642780742,0.00442619771177087,0.0133366938005278,0.00342112807225479,0.00862667418722988,0.0112026994551251,0.00632380395498918,0.0196719319113877,0.00831864922633013,0.00381173901060657,0.00655613942090812,0.0207989286610334,0.00663553096297259,0.00582446812261533,0.00374878234623464,0.0135680108006776,0.0200495095998401,0.0105138979144605,0.00844567141446005,0.0153238766551404,0.0110225462752587,0.0060821152205048,0.00921986692262823,0.0219292323042932,0.00771786917112333,0.0122336560872441,0.00273937623807526,0.00862799145872782,0.00786728907054823,0.0125545486509902,0.00404186276478051,0.0277981813813508,0.00947411879068886,0.0086888095893358,0.0133854274683058,0.0115562480465586,0.0115620643435418,0.00865765364287493,0.00811599702746196,0.0206701557058804,0.0110330354210503,0.00711240192024158,0.00976202052956939,0.0102441913083288,0.00633011079604149,0.00633806604222144,0.0145213318394832,0.00754954086977391,0.0121338923629089,0.00745568485377433,0.0136879170442713,0.0101441012242093,0.0151044150076075,0.0122688908967645,0.00698082783044453,0.0108068263114569,0.0192704801640091,0.0147019513099575,0.00957492055395742,0.0091891841057268,0.00860522195159234,0.00471773161253118,0.010543835286701,0.00736435057449938,0.0242906690978695,0.0138557480063946,0.0143768078693092,0.0130688120031755,0.0031252940969674,0.00979253943500976,0.0146073165180716,0.0115473789659165,0.0171741943781799,0.0155083494488455,0.00375609088593674,0.0116585967278859,0.0147543247339398,0.0194230675879722,0.0051785878691177,0.017640029390819,0.00829613080046598,0.00943283868469693,0.0169600738014422,0.012670109681668,0.011391123682885,0.0154971995773104,0.0108603435784545,0.0114554692527156,0.0130987376417419,0.0118194289743013,0.0180023176838335,0.0135913527599105,0.0112717441270826,0.010755357648373,0.0182200459638907,0.00690028256650218,0.0129428255365997,0.00463482021222141,0.00866123713899371,0.00738969414957898,0.0101316164954742,0.012345414353018,0.0101303545803147,0.00337173999869992,0.00790563919395643,0.0110862209108107,0.00336662308916326,0.00437645348349149,0.00951828311487453,0.00341996305632555,0.0044430023745245,0.00274924421389825,0.00359479715643646,0.0187389112765445,0.00910380728377602,0.0133936245475785,0.0115368942731605,0.0061454713382386,0.0143526818000755,0.0112088599869188,0.00976418325400798,0.0150628873958676,0.0161977069034689,0.00324834165651111,0.00239227134390287,0.00837842630286519,0.0205581626738865,0.00827878983452265,0.00304845496294361,0.0169380366938135,0.0163584186173144,0.0179137069930474,0.00535744453643825,0.0100244772213071,0.00681864664219241,0.00872241449046018,0.0185519884297329,0.00552852221864116,0.00807091842403498,0.0056607627594716,0.00926814059361316,0.0119730579626448,0.0132182473981997,0.00831649283429981,0.00557794951798226,0.00410652939808807,0.0136952915211377,0.0214994342643478,0.00524417514279379,0.00506144289186779,0.0122801631425091,0.0159566703120042,0.0174668872229175,0.0140846332228751,0.00894803475883619,0.0142919404800258,0.00962177108488071,0.00692305428414654,0.0108277012514382,0.017686637326306,0.0165518379089243,0.00449860213074429,0.013377023184087,0.018570440722401,0.012493717631205,0.0089335866802896,0.00958213106759095,0.00523064843099804,0.0124344402178685,0.00790863451743312,0.00710194140104956,0.012805935195579,0.0104249919480173,0.00607162281357191,0.00395871565451169,0.00641910553259915,0.0118146308742879,0.00971229014202563,0.0117456705425414,0.0107650403566947,0.00745138116011951,0.00782320111887195,0.0100258260482966,0.00837404683951028,0.0170629529999558,0.0049678594862082,0.00539488263978768,0.0207092354524419,0.00957034089946139,0.0133674242244986,0.00701872323534299,0.00516025042758413,0.0167611826428196,0.0108198706726225,0.0126077632481639,0.0110896848025118,0.0239937599175089,0.0125643842830465,0.0217567548784498,0.0045436005833507,0.00821416945338414,0.00988879890621064,0.00912015910147941,0.00368152395027432,0.0106769213651369,0.00827451833365545,0.00582936658362326,0.00926286280345101,0.00278718156111143,0.00643355577535267,0.00624287541525801,0.00674851843591523,0.00748655446541609,0.00562110366400091,0.00872229002116728,0.0123122975988623,0.00927552096290822,0.0134136962950474,0.00454412492683946,0.00600898086027768,0.0119063975627532,0.00568067692871405,0.0217878817191206,0.00675690620742982,0.00888681672304039,0.0124744390733037,0.0073043618113704,0.0102210180285414,0.0109204654887443,0.00657662166477985,0.0125850151020803,0.00518283470658672,0.018605536610671,0.011367759592487,0.011374930280737,0.0113918975070861,0.0112939676101409,0.0111993743134772,0.00637522871618026,0.0141040271166956,0.0102621088128722,0.0243195251088592,0.0126897011351986,0.0107024871720745,0.00625857699296932,0.00809932237588059,0.0193635748965441,0.00958969731434253,0.015347121919281,0.0106567638552899,0.00844237233502931,0.0194695073976624,0.00460518610760665,0.015256161884472,0.00599317434591277,0.00301563362307764,0.0160690333641294,0.00149712168639747,0.0075180600834221,0.0164388042183571,0.01621652901318,0.0159718817343077,0.015023118054588,0.0117508484055534,0.0124616481309067,0.0113826941945565,0.0163640564336758,0.0110504472895599,0.00732663102421886,0.0027182498270246,0.00762211903218576,0.00648855341205373,0.0149049195620717,0.0130853230939921,0.00660055889259931,0.0141465903419991,0.0135337215715981,0.00251800053638159,0.0133988087127952,0.0137460602601126,0.0138203742776395,0.00617495859051709,0.00552055567613959,0.00751653070438391,0.0110394189229601,0.00768705449259262,0.00287637040701079,0.0105132499413792,0.00630145997557184,0.00766549843588643,0.00686105861809592,0.00610752903439212,0.0070762058093974,0.0117127881147025,0.0114371667379109,0.00372316659259383,0.0119073098989752,0.0158665921363984,0.0120865052248138,0.00672691993855843,0.00740938424099134,0.0111916102782955,0.00515484557119615,0.00452218658435531,0.0136471238338847,0.0124341890097118,0.0154312417859421,0.00684620660015187,0.00891481833616411,0.00317329272224383,0.0163283388417305,0.00743572306071903,0.00408376965695649,0.0155065749680721,0.00586960532555828,0.0104055455207028,0.00639933586036279,0.0177310522659139,0.00923353018516691,0.00326407140569039,0.00933278501392767,0.00339311937014442,0.0296479821789983,0.00761642522827653,0.00953719125762428,0.0143932500873902,0.0047206337886702,0.00366892772310551,0.009001214017342,0.0144165918794439,0.00896300308604475,0.0154361833163567,0.0179216096498096,0.01798460026441,0.0125492067547604,0.00635773953278992,0.0132351077935579,0.00538115046306496,0.00910359177206571,0.00847522584946645,0.00932333760574344,0.00333648209101169,0.0147632411544832,0.0077005597039682,0.00558811679864157,0.0165204812053044,0.00927323541465563,0.0255856810725332,0.00714153796736087,0.0137138416710941,0.0132141226569768,0.0104118316015823,0.0180715710317817,0.0136562044947587,0.0123371992488626,0.00508733453277471,0.015621006881854,0.0119509038856486,0.0113706066760814,0.0156098308820142,0.00500166994315689,0.00535093664689934,0.00724528232704815,0.00886672599142842,0.00812559779459378,0.0180496059136618,0.00852898377937759,0.0139213063697943,0.0182243481402734,0.0192098034391275,0.00841540165753019,0.0107126601767301,0.0228262641678839,0.00518406625651635,0.00967048750749055,0.0108572223519759,0.0141979483664881,0.00701807534083667,0.0064075657756449,0.0213750719454811,0.0197759839339011,0.0125776985524615,0.0136565053095684,0.0110284373442811,0.0139034429412176,0.013133573884928,0.00973563923669503,0.0138221629735956,0.00776513735655025,0.0150186493235348,0.0193669485352031,0.0106305904496034,0.00845790757267378,0.0108467250040697,0.00619128155102054,0.020339203628416,0.00244338365386469,0.00579340870360369,0.00703162694830632,0.0243115421756859,0.00310363547715721,0.00837771072322709,0.0102665964324018,0.0112769236771867,0.0146357502444907,0.0096582690352562,0.0113371049574296,0.0188826438595427,0.0130915465545013,0.0176437277700452,0.0313397598868367,0.0065504865407441,0.00771334807681962,0.00787724883490674,0.0220912327593733,0.0054549975905168,0.00542012163958429,0.0238535962263,0.0116226621314111,0.0118058653256871,0.00567269672860813,0.0126544504039877,0.00346224909067901,0.0104249278851497,0.0177784070900672,0.00505544553131154,0.0129534800364509,0.017919106278377,0.0105499081280716,0.00897370606940112,0.0159377722621473,0.0130027305588229,0.0111245460445924,0.00742362083699686,0.00846417281627069,0.00988312769813969,0.0056727043571209,0.0103497136407489,0.014526340764937,0.0141117067341972,0.00834355762650998,0.0116587692104306,0.01013880129,0.0183343123389312,0.0108668133391235,0.0210077095419674,0.0093219938474556,0.00895584124176078,0.00776755879968233,0.0119913586652873,0.0059168890912243,0.00478191415396088,0.00922984556437393,0.0302472711582602,0.0138963450756617,0.0118860111276715,0.00854569945036288,0.00634322965625768,0.0109651108943684,0.00873303564710143,0.00824625345250096,0.0194951818815063,0.00445660618857424,0.0193086602830527,0.00649603708557193,0.0111035143531126,0.0095227162216582,0.00991570380031559,0.0115203698785077,0.00787974307878457,0.00661460285815631,0.00901275790918279,0.00842573680152505,0.00534645833407778,0.00993620942365259,0.00897730227573973,0.00667489501916663,0.00573276884381916,0.0156590392154155,0.00980630473019885,0.015142226070169,0.0111241091164812,0.0117810595623552,0.0110046388313168,0.0144493365575935,0.0122570451563358,0.00965318067122943,0.0123901227990061,0.00753162602620094,0.00746452463896715,0.025441645365145,0.00740457257704269,0.00571838631607002,0.015577364791307,0.0285626799611721,0.0100862289349908,0.0116361485761243,0.0186619303457912,0.0119865644346954,0.00811364544661307,0.00995221149105868,0.00628911351658466,0.0109275986426896,0.00451815885104852,0.0236038574894489,0.00883455115442814,0.015026670324739,0.00437801446629815,0.0085610747862,0.00917546784068829,0.0065897632643704,0.00764388538039016,0.00671030590477228,0.0193941235936363,0.00762631749930594,0.0137336867781488,0.0155551644103309,0.0147344151357361,0.00448663911298943,0.0211298335431545,0.0122620986815644,0.0113920208997068,0.00865479111799577,0.0173470743758157,0.0108954091577398,0.00604504424608465,0.0167839631883673,0.0190057740073212,0.0165963463613103,0.00640116888851261,0.0249968706003116,0.0103754668007129,0.0165743522638498,0.0121269265574428,0.00662274881049533,0.0136753424106311,0.0183664848211053,0.0201304615634885,0.00996485202320731,0.00939563873566788,0.0142426236135548,0.0171734918707331,0.0117422644739258,0.00522021552783144,0.00843261885541815,0.00994342316224791,0.0101037799941166,0.00927902899021612,0.0130028524427131,0.00322061986590211,0.0113621587759925,0.021147997135175,0.0116756246825544,0.0161455959813027,0.010971894796855,0.0126153728741901,0.00800137723619498,0.0161617740424946,0.0145902581836297,0.0128149227525176,0.00668937841929214,0.0133069027899647,0.00746437033594125,0.0055547785873827,0.0156529513599406,0.00712508490343328,0.0111042062239754,0.00713401023955029,0.00619304153806728,0.011716207694448,0.0171992193326912,0.0109598485785449,0.00717109412455943,0.0144139380671832,0.0192064374662614,0.0110706018735364,0.0214346478730147,0.00878275591967489,0.0128252586420792,0.0129801642209283,0.00980663883061409,0.00325419918975687,0.0165263748644593,0.0211199722284172,0.0124220356548375,0.0148902564949487,0.00673180614355475,0.0112581749753572,0.00997284602244543,0.0147155226979209,0.0104182825585767,0.0148725914661674,0.00849990905122827,0.0147135107864179,0.00419347539064722,0.0157462657256564,0.00572397961013909,0.0127354133635759,0.00631293329894852,0.0126784183708899,0.010625317192634,0.0078973356131488,0.01422818419327,0.0106572743555467,0.0047067614847228,0.00209297152248811,0.0102447170480807,0.00626252758435534,0.00923144063556499,0.0217159108730959,0.00791771468640464,0.00913808916020855,0.0107787130415386,0.0172843142124865,0.00651788092264954,0.0145375728069376,0.0110438495835634,0.0329629879247591,0.0146044090397365,0.013197301368949,0.0207187246107675,0.00882387745970335,0.0101078225339924,0.0070799724652212,0.0167388084806947,0.0159919543463467,0.0120701958406434,0.00694207075441968,0.0139150069708312,0.00818742335112101,0.0141550357753197,0.00978669731585746,0.0129685475530985,0.0154683138441336,0.0181804057738618,0.0138722903054688,0.0137335443015375,0.00733432761530445,0.00866521125170674,0.0177329949436157,0.00716338288666494,0.0132294628190472,0.0241424291705595,0.0107677908604025,0.0195509407561791,0.0159550771208899,0.011799053792627,0.0133340653863467,0.0158847212715131,0.0188912899730172,0.0181628644546641,0.0117115891165349,0.0253736056848309,0.0241389943424839,0.0122489255001547,0.0134387546306342,0.011323689721783,0.00598360610037191,0.0214818786834308,0.00748250394530433,0.00646533906614797,0.00904579546260379,0.0169447566688404,0.0115963397777069,0.00903255670138966,0.0187999710268993,0.00591154169397235,0.00950806652935743,0.0127487376970721,0.0130510837333538,0.0132060463352082,0.00982275714429263,0.0103093666347027,0.010369975243215,0.00537595893859362,0.00690303735446722,0.0211835704632306,0.0195032620235039,0.013670745398538,0.00507760625722205,0.0118487277623318,0.00164825808970032,0.00869006460965212,0.012484824746277,0.0116448103515207,0.0178099874868144,0.0169513945930464,0.0106229251907726,0.00635991548636209,0.0163353352306746,0.0232970638507467,0.020596940907989,0.00794817137581723,0.00659786580808739,0.00983572259453884,0.0167902813895115,0.0129767582807511,0.0105293508959968,0.0117961309346969,0.011355248919698,0.00891725538208902,0.0141695012104086,0.011113627890963,0.0120460202909912,0.00920939971646158,0.00759091107852507,0.00857762624118304,0.0207855812111997,0.0181688510503104,0.00419569873119829,0.00621534189756717,0.0131650039144303,0.00972601715469523,0.011451643163626,0.0125370318509001,0.00308657938323707,0.0198645775018509,0.0147469738762517,0.0118536877708501,0.0105463246794574,0.0146399029617968,0.0197591102396894,0.0138107013551536,0.00651204924375422,0.00825209874786625,0.003054650396032,0.00915793537234794,0.0155765918987737,0.00861809871928149,0.0147031615474293,0.0209504739212777,0.0142830751538166,0.0117898249504838,0.00106059752373616,0.00968530031317228,0.0108991315775338,0.00781844574234095,0.00719602765734197,0.00748241829159272,0.02374565500864,0.00434903737580752,0.0132126797103115,0.00903941192608709,0.0158848267443427,0.00400502445830612,0.00469559891090003,0.0163644357099211,0.0192806563606212,0.00547597132495285,0.011134783757628,0.00667882099059832,0.0118584343069765,0.0134990052265603,0.00407747933012946,0.0213747982314566,0.0154202285391807,0.00542614646240675,0.00981451111193882,0.0116200782095437,0.015677493931078,0.0153486783984927,0.0103354944730567,0.00465569889255822,0.0306222708032023,0.00745440412285505,0.0117957979083365,0.00258893388555971,0.00482347961300139,0.0101229811621234,0.0167869348907181,0.00725267662729697,0.0135103118143928,0.00936174196816993,0.00523548331174138,0.00875001134973654,0.0109497157517449,0.0254104648999441,0.00833461191707332,0.0129553710727172,0.0085056630305288,0.00596307795554613,0.0171629359494112,0.0182966883170514,0.0130107271395712,0.0162798169714,0.00439128109606653,0.0149467552572058,0.00484118892771339,0.00665861495050342,0.0110589092136383,0.0122846343423747,0.0121619333792396,0.00812405502947985,0.00795840460023043,0.00816493036746776,0.0235848041950729,0.0127606579981951,0.0062287741918981,0.0169820129166989,0.00548419384997491,0.00777495348827928,0.0050164609096553,0.0215468519329484,0.0106287623386997,0.0110699386618226,0.014076118027428,0.0243995816169835,0.00809735179586444,0.00865756471097745,0.0110501372001552,0.0183299165353813,0.0189702122531412,0.0124655225136711,0.0121800802488435,0.00887890347732923,0.0174471609932351,0.00723755155753466,0.00465951702655598,0.0160498714482041,0.00487552376901342,0.00910928335164093,0.0133397853182833,0.0072450633572876,0.00531848229585709,0.0136789315569016,0.00763436886042061,0.0108708890062406,0.00685278745304428,0.0143711627333219,0.00713813027820074,0.0112921356372536,0.0069939299307048,0.0171402479515309,0.0115254764405322,0.00937661661262684,0.0127902195989704,0.0128965044170704,0.0052756422505044,0.006257733345852,0.00760596699123295,0.00436988429001506,0.0129296070689838,0.0116928897834167,0.0102530326438228,0.0131749458018938,0.0141754103123579,0.00854869072678606,0.00722455236828342,0.0310771520111755,0.00411520774187111,0.00235483214387918,0.011625822954301,0.012412984744622,0.00537712257449537,0.0132208229728718,0.00420036610151164,0.0220227221676498,0.00820571588011102,0.00945205554043958,0.00722884811350799,0.00338234244459316,0.0126309382445766,0.00608069327017944,0.00411953024732065,0.0387006828664426,0.0119351465847729,0.0097141912132603,0.00963613012019145,0.00854103989594328,0.0074137793809344,0.0137752370913587,0.0154936927495554,0.00900782510924558,0.00885942860198546,0.0088513385919937,0.0113390225531827,0.0138250462931704,0.00659363437202372,0.0182565984332926,0.0123148860237497,0.0124133625840891,0.00862433304016151,0.00737309996186923,0.00409068825141712,0.0136293393396856,0.0119013264181305,0.00631013334364764,0.00743460582436595,0.012135486361236,0.0109001764009596,0.00423989832839949,0.00928550105889127,0.00261588815155535,0.00644255138599514,0.00628931201132986,0.00983783010576076,0.010898101904707,0.00694305176884606,0.00242625617036383,0.0110736357604714,0.0167436356457422,0.0174516470061981,0.00901953724388295,0.00552400957244394,0.0117665198379329,0.00662253156833237,0.00802826863092685,0.00989617192997061,0.00903802567955556,0.0218398038782577,0.0154412990950704,0.00972859960685267,0.0128161880348431,0.0114569772964727,0.0143888576389893,0.00439507667822546,0.0141277209760373,0.00530672680553462,0.00962431312890744,0.0109806648863202,0.0114126976316931,0.00407072637185074,0.00964940613023518,0.00869155824854539,0.016486336064904,0.00971252235935825,0.00594854240043038,0.00872515489462482,0.00519903536067412,0.0238369932953439,0.0119997946156443,0.0158512201632525,0.00823489289954512,0.0071930503325842,0.00593744055643871,0.01101269504581,0.00726546548623121,0.00470994950368942,0.00633563572384166,0.0143390290447273,0.00897720397438338,0.0193185825846556,0.00868752381037724,0.00851907433422148,0.0123295782392818,0.0125822383957546,0.0140673312003773,0.0163325035243722,0.00651562951305964,0.00932659485440366,0.00934695345905743,0.0108095301281211,0.0214246980262819,0.00743447875843798,0.0115640469484732,0.0119503616751392,0.0094874491287257,0.00494919987766016,0.00565546391698995,0.0191347236778377,0.00739938784610618,0.0115075079573801,0.0159600255893702,0.016557239268535,0.0101289168230668,0.022413588954447,0.014023287476913,0.0134255755064315,0.0130048965809039,0.00934173829105422,0.0102761297168229,0.00375661293677841,0.0129125754293328,0.0108758344017087,0.00778323823876061,0.0100941357797969,0.0137088550131816,0.015122192510854,0.00920425105391687,0.00886183519066201,0.0158058396483478,0.00941042844636253,0.00546865054142456,0.00515392533684339,0.00985595433755704,0.00823179288352843,0.0101913483093599,0.013796468117554,0.0239914276297358,0.00571258339561095,0.0116381403679873,0.00822069225002253,0.0106329490468788,0.0178186194925083,0.0141071716716742,0.0144924538050406,0.00382351311814577,0.00894771922583898,0.00593720261221868,0.00164812464680714,0.00876220522231162,0.00825991054862622,0.00484977517097949,0.0131536822826701,0.0248142817095043,0.0169401854269852,0.0204021047352531,0.00693849732328158,0.00858663606588951,0.0102107956332754,0.00987450604351085,0.00776887524194224,0.00291542448728893,0.0114095299016644,0.00870811464552838,0.0110164960662336,0.0121967362486934,0.00582086794123123,0.00722496295758224,0.0194257114390598,0.0120762196075781,0.00838589456431464,0.010293925331174,0.010752633699433,0.00811158711180835,0.0160194281736481,0.0128575355529473,0.0043943603339332,0.0091482877121936,0.0185141560725872,0.0116527146700159,0.0112945220793508,0.00786097370985411,0.0104287619731737,0.0055328476082893,0.0160159149410842,0.00508063414942735,0.0143145879984124,0.0131821405483351,0.00556392174987969,0.0108501668559584,0.00467305423841171,0.010383197500931,0.00854911701997452,0.00772114558412653,0.00492740643193904,0.0208637416704606,0.016712052548487,0.0210063962602674,0.0178972494393044,0.0105585131092818,0.0149590976318035,0.0116320083190777,0.00740970855256519,0.0163859789806646,0.0200278977632391,0.0146343782846656,0.0070852394638802,0.00447122285614528,0.0213666996951525,0.00767135006417528,0.00684241904444357,0.0143187902533534,0.010869928944385,0.00861301169828136,0.0180322408954509,0.023366772665941,0.0103084783238429,0.0186113390462339,0.00872142328941256,0.0099046755895907,0.0100279858749395,0.0144414224178942,0.0208857630808356,0.00358589639330372,0.0143127900924579,0.00508817158869275,0.0095882985732881,0.00877371581537151,0.0164715931601563,0.00670319317712762,0.0116045902417365,0.0135338645402139,0.0048829662967753,0.0121806673462551,0.00950547892773161,0.0100499534713033,0.00688483765671033,0.00818248121967517,0.00658609747855476,0.024422207772204,0.00951597299551384,0.00757151424114636,0.0229634478337841,0.00473908718369411,0.0112912132456618,0.0182792472307676,0.0138996110536826,0.0109168186033606,0.00308536410058585,0.00954149163168331,0.0145091801911285,0.00951017498660539,0.00503753996676104,0.0188733743472254,0.0163402475309879,0.00881614151560887,0.0109220845171344,0.00858206648940692,0.00479961402392383,0.0129564792571794,0.00433705513116389,0.0214668893448242,0.00737907842656253,0.00866110214171156,0.0161217311945353,0.0201565549969513,0.0158927412973689,0.011358179265585,0.00721645809248104,0.00851119206359324,0.0113294905040164,0.0158446717278902,0.00237044188083531,0.0173035269451395,0.00445936462820038,0.00945040008381202,0.0147116760036407,0.00729895636607895,0.017208363467384,0.0183665459969455,0.00729801606321532,0.00674781945291577,0.00630886599749688,0.0137067949240184,0.0113812490136595,0.00453787600943691,0.0215455463988684,0.00351576973704006,0.0131247200386662,0.00911846253103125,0.0146550310414105,0.00706754048231342,0.013556146088527,0.0112728423024592,0.0092766597879985,0.00953422767810591,0.0152742123889115,0.00906987777079565,0.0143879664493838,0.0188277945652749,0.00683294088681025,0.0217874181702394,0.015683488889338,0.00728025573583091,0.0128360243162322,0.0104544891151849,0.015230571354611,0.00794226539725497,0.0264237452172315,0.0118243398974286,0.00584548819163897,0.00926019874607653,0.0139634087586093,0.00274417585965203,0.0188015232860473,0.0111457364352089,0.0138598216967605,0.0091872799378851,0.00337604306238774,0.0285431499556168,0.0130699544008343,0.0120101433127221,0.0110597630355967,0.00509441919411319,0.0124593365037896,0.014244703970594,0.0113711246563007,0.0123650936556346,0.004898527698591,0.0142097903061482,0.00847569614386005,0.0168319456637226,0.0137963264837572,0.0136730404501278,0.00949167507235658,0.00656526387985749,0.0125457705911183,0.018112631250587,0.0162002484831805,0.00466271349661923,0.01219473610106,0.00789233929235045,0.011946737250849,0.0117907072761079,0.014622828740533,0.00961381637898562,0.0093790742776542,0.00534584288444477,0.0175713804833063,0.0208695604446023,0.00417719053292439,0.00364532490803702,0.0111623080541087,0.0188043687473716,0.00423391758322683,0.0184537371282923,0.0131415305124611,0.0116331107939005,0.00952502810687757,0.0120007077595312,0.0169205548816852,0.00443943214880934,0.00508600156886215,0.00453936489857706,0.00404091800297005,0.00971851062784425,0.024425004182548,0.00868449693018473,0.0124520659134203,0.0148588831954402,0.00530627703742531,0.00864202439599706,0.00534029716537771,0.008723484383562,0.00696557325701931,0.00906214897332478,0.015706848539842,0.0203230166869537,0.0120998810933031,0.00727688715585573,0.0162979533760197,0.00553844419781554,0.0100309981374036,0.0181853104609982,0.00627981098229589,0.00788335536433588,0.0193646170803682,0.0103952811332231,0.0102498296534196,0.0129281371606181,0.00879401964901997,0.0176737070810318,0.00823890568675218,0.0114955374388721,0.0227888719335303,0.0178609427885202,0.0170787389037956,0.0247891774336071,0.0045832633893245,0.00808796246091857,0.0106823756165997,0.00772741319527909,0.00951393688401085,0.0146475525759878,0.00737873158680198,0.0124648437260928,0.0113390170778078,0.0119711553918446,0.0153484338366674,0.0130885295620611,0.00516571504867551,0.00495834261093458,0.00699831329017333,0.00688192381179209,0.00700391072966485,0.0173855549953747,0.0074206648073652,0.00718080050079227,0.00753621292033951,0.00554076220217921,0.00452952639176366,0.0153491000556522,0.00749895321517979,0.0137872697866159,0.010362572782991,0.0101611443382341,0.00419767072110172,0.00897462523057159,0.00834193397532799,0.0149467059028486,0.0153356496169071,0.0176970917354937,0.00381587927999177,0.00998512114601282,0.00486759754671926,0.0132406343128836,0.00961233546905068,0.00810168547589912,0.0139719960101907,0.00859723807567934,0.00871320535498428,0.0144772664955226,0.0162352382330334,0.0146699750418883,0.00227534604872555,0.00419351223431504,0.00450255157871245,0.00630412229942969,0.0116175119349964,0.0160088698538963,0.0135457781655557,0.00499838623083206,0.00646193869336664,0.0133396268450994,0.013823341799739,0.00818367528785952,0.00631102970321133,0.012144654105285,0.0121321206159651,0.00962505310255163,0.0134842769206872,0.00734805535873765,0.00756996776571839,0.0147824409221731,0.00258809879397557,0.00897261567927741,0.0191368180151124,0.00869117068920988,0.0164531313362259,0.0101906569011959,0.0115935399881355,0.00513657395016147,0.00615915168691604,0.0114926110686024,0.0289173231411297,0.0115198147416423,0.0101119089692212,0.00801251346429962,0.00961009256649179,0.0113348085460286,0.0071387074229482,0.00999306191950119,0.0139409596869705,0.0137551956146391,0.00609178956375619,0.00563315366460861,0.0153309476561094,0.00671766743569221,0.00955558941822373,0.0193725885703752,0.00536971065117237,0.0170206207516327,0.00803914743217223,0.0161494931392456,0.00758740608113804,0.00650881896899508,0.0171834001771568,0.0149833478010309,0.0209062547151946,0.0151988019895671,0.0281488718647242,0.00320652406235004,0.013079786363446,0.013079586207601,0.00895718047570798,0.00543642155143996,0.0166321318228411,0.0178683880730356,0.0101011150295912,0.0179766802024703,0.012208417744388,0.0154237884142017,0.0100115260140054,0.0129252752423588,0.0117700487997829,0.0131517379183431,0.00376989615672509,0.00627049128006966,0.0149240296440918,0.0135989296940549,0.00548234855948114,0.00394899657643795,0.0193483982774044,0.0124032726472218,0.01504369725691,0.0108592197583059,0.0109067864088182,0.013774329694293,0.00751811222537124,0.00780971934556442,0.0196640840042157,0.00593617731512516,0.00528707964601977,0.0295408520900211,0.0150391099852296,0.00660328290123424,0.000264332605790711,0.0129835909406636,0.0126759448362349,0.00775285821043165,0.0071024518419476,0.00536659507026434,0.00506618450233909,0.00924253823001657,0.00605839324929175,0.00998026645178803,0.00955244511057501,0.00540037543381285,0.0171131169619835,0.00770310865594459,0.0038376990283769,0.0245785398607301,0.00611611307321408,0.00864046857323545,0.0150804117794777,0.0215913901241597,0.00995585365469576,0.00772583475067932,0.00820603604401876,0.00681494013896894,0.00765920436779207,0.0131293510555169,0.00637913106768057,0.0106427557326638,0.0137112531842747,0.00986907349752224,0.011764242678578,0.0108112275370259,0.0066981408606423,0.00824630419714686,0.00863676218838512,0.0149988397834226,0.00828674960958041,0.00964718712904317,0.00443114767811283,0.00742396464718322,0.0165939033540408,0.00724016576305512,0.0101775530476383,0.0105090571808468,0.0135423124685094,0.00891899476163138,0.0193476329603373,0.0078352962186267,0.00510751051431063,0.0026191879477677,0.00246901993329564,0.00712589471607926,0.00917905047542922,0.0158688942779378,0.00794190795260678,0.00216039898375895,0.011451093475525,0.0159492370177612,0.00791923161329302,0.00698335920432923,0.0109729935139258,0.0165786480993667,0.00652388513557149,0.00871231845029447,0.00472966366733755,0.0120510093644641,0.0101115820828278,0.00852796643362399,0.00741488688272588,0.00557421002040492,0.00987125495683564,0.00905806835647555,0.00526533354439875,0.00973869707156141,0.00785812339289097,0.00690209709323936,0.00867922536198226,0.0120190805334423,0.00617724718065084,0.00909887057804754,0.0146637500311784,0.0106266299720758,0.0123661780483383,0.00561715478537787,0.00427128552752974,0.00616230654897165,0.00802349766495612,0.0108080479002679,0.0181390247405423,0.0139271793480299,0.00906746387605835,0.00815188631638558,0.0080109612015421,0.00684440008507903,0.00925208237780869,0.0146212893984929,0.0091522033183325,0.00860832833418792,0.0152084251217242,0.00597321500008376,0.0240845618983961,0.00630716187144379,0.00763327556302216,0.00497266915547277,0.00787600055742592,0.00805861260753495,0.0118320247285251,0.0138952477343461,0.021253843400343,0.0106371131725022,0.0169291557355867,0.0111277902989074,0.00861405055064305,0.0106498338518777,0.0132234988455839,0.00649573011496513,0.0086763191612718,0.00609984795728621,0.0155741670243704,0.0189952137366541,0.0081861558858151,0.00745365423762151,0.0139490244250768,0.00469072153852775,0.00874480653362664,0.0134786627725798,0.0219657523046317,0.00793398738974277,0.012142463515034,0.015143073723778,0.00872508192067069,0.00616626204833287,0.00556187120440889,0.0157125277200025,0.00288975995867641,0.00858432102013671,0.00967765622335356,0.0235132459215362,0.0155502818798291,0.0180314776103024,0.0149419735737805,0.00950519811487979,0.0124214279109001,0.00623653813653326,0.00834260267186114,0.0159398842499499,0.0109628762535627,0.00313477094410874,0.0112081216733535,0.00775395974496079,0.00693696382643024,0.00960157651980766,0.0124211415187847,0.00960160125495189,0.0215573216945783,0.00559327353616655,0.00869915268093589,0.0252364376640736,0.0104810999809728,0.00709687467710298,0.00426156197026513,0.007090294171588,0.00376741628616029,0.00346506846814149,0.00877371079695088,0.0140592121996229,0.00271692011318107,0.0136604719308105,0.00949471225761739,0.00853761465597136,0.00651653050677873,0.00787727279252428,0.0107642192714917,0.0160937003928721,0.00620178955784941,0.0113268440465354,0.0136495012934588,0.0126269495022691,0.00181382654390302,0.0108598959644811,0.0121184237072407,0.0100301463160934,0.00801058239062961,0.00515189067901506,0.00893094484467623,0.0103347296962452,0.0141718483809035,0.00695955693016498,0.0067040905152374,0.00437997676158832,0.0174724020806773,0.0089663217921294,0.00412284794489186,0.0134749994993713,0.00666565456831921,0.0149493740545798,0.00155349987213129,0.0090313526043912,0.0175184176900658,0.0119366198068139,0.00879262526190117,0.0056367547626176,0.00755985336477185,0.0120506036345525,0.0146714659563747,0.00884957424558891,0.00711078005601621,0.00768818523099122,0.0132893657605903,0.0169144074802894,0.0103538087849399,0.00365235032584386,0.022408206599684,0.00762064897315923,0.0119642902766179,0.00580973674176098,0.00750173987900443,0.00595227358300961,0.00831893070698477,0.00344163070330724,0.00980096030978578,0.0217463152256769,0.00699194946678274,0.0158268499053624,0.0305419510299469,0.0103934350450233,0.013507939251507,0.0107555307454863,0.0104479122154994,0.013478887520396,0.00776992895669393,0.0124787067655182,0.00272766007011712,0.00711649590961111,0.0146253496885211,0.00945679601511932,0.0231731126656694,0.00655242863521656,0.0133146384047122,0.016321071131795,0.0124761595534784,0.00759199055075603,0.0105447239030387,0.00659277738699402,0.00761875719049578,0.0112510097044713,0.00666812298993363,0.00992445277977766,0.0116680181133235,0.00978876045078631,0.0144499406629394,0.00886991109942331,0.0117669729913936,0.00875351786829515,0.00622057392054844,0.00664881174715964,0.0142983297606101,0.00942135188432356,0.0149904224081186,0.00835334444263273,0.00374238260442948,0.00368248081260381,0.00634144518937468,0.00974160493229727,0.0122329762638507,0.010172582607839,0.0100160101634091,0.0200258405177145,0.00942254524659619,0.00825658177817346,0.00781088586358521,0.00537376637782302,0.0166081172805752,0.00801549828795974,0.00588438629400824,0.00882667219347412,0.0199978914603968,0.00982593348848176,0.0116523015539602,0.00704460145585375,0.0130438064962782,0.0108050486784533,0.00775488726774337,0.0119937632648638,0.00976626816703102,0.00941171859945391,0.00856720592843879,0.00825982136560875,0.00191616680813615,0.00776088959911599,0.0176559448619289,0.0141315544989733,0.00701331895878018,0.0110026408054528,0.00473048966620974,0.0179384156484148,0.011607184919941,0.0185298089352379,0.0242492823993289,0.011110780812923,0.00309766778141994,0.0236135874637077,0.0030911654270729,0.0140009136476674,0.0108249978587841,0.0067063375570033,0.0128408376708433,0.0120124049129765,0.0240765888928369,0.0101252551495707,0.00981857487647472,0.0082173813188642,0.0166145587207182,0.0200627813707527,0.00863666414331899,0.0199013832216784,0.00527703971652357,0.0216285056370409,0.0101971856279974,0.0154206321986444,0.00741500469972402,0.013161139735102,0.00679846700738215,0.00986473853610997,0.00961250826770168,0.0172357570779688,0.0138578635534451,0.0110220994656594,0.0143614160187807,0.0112147154608579,0.019941340626674,0.0175195818446018,0.00763868962867999,0.00802579856338789,0.0104238880765282,0.0188364485241579,0.00993630727764635,0.00504311371839324,0.00784747201435963,0.00742108413729337,0.00919910972628413,0.00827817824084729,0.0120891524756276,0.0126779286033024,0.00935349447901272,0.00692817043250839,0.00776547083973678,0.0176818212926657,0.00552737044401597,0.00654295099995894,0.00696467206999627,0.0147521703401168,0.0162045112217669,0.00601533796290873,0.00891273423795439,0.00931209019060194,0.0194279735574873,0.017013746879773,0.00961309031512203,0.0097348931041335,0.00550029383386563,0.00262415757269391,0.0143476839646097,0.0116307982029954,0.00765434804018818,0.0209320114265791,0.0136589485559032,0.0041393968806744,0.0115712645967287,0.00270128820026438,0.0100013889503181,0.0154107749262953,0.00932322285602703,0.00519519080709828,0.0155499660403586,0.00724905940579673,0.00500906864214975,0.0141982563396041,0.00973857761774366,0.0112932163342654,0.00263636999702786,0.00906564151807114,0.00750099389913707,0.0153964410297466,0.0101679705464732,0.014251366543723,0.0160973763791872,0.0188931492291327,0.0115121164138361,0.00758073346851103,0.0189640168667387,0.0126710972450523,0.00607469195251479,0.00917247001915028,0.00832656121440042,0.00667103456637957,0.00808311819550813,0.0149437954869338,0.0143061734995862,0.0113418882313505,0.0175422279739081,0.0131088855311405,0.0108171970416423,0.0175316594065661,0.00934643027294504,0.0110001908751239,0.0136563345371287,0.00575687425868974,0.0113667120863093,0.0114989565414762,0.0128784198330618,0.0172880497008548,0.00341644315361176,0.00861119581110144,0.00915284675675987,0.00801851113045691,0.00698648239679994,0.0174080152991633,0.011415802571273,0.0116223468727592,0.00842511261140146,0.0226013645561353,0.00666736994646043,0.00665891899942101,0.00966388177552372,0.00409517954235572,0.0119761111366045,0.0091351149033207,0.00448182631502107,0.00712946442842153,0.0106110914089349,0.0119976423743482,0.00521706916936946,0.0046831101080748,0.0104663713809924,0.0112353249616808,0.0185016764795445,0.00755029574338364,0.0136221054371684,0.0146457924464818,0.00687854736619535,0.018647136029464,0.0186416000130253,0.0106133811257282,0.0116631955047754,0.00640969791956619,0.0195425859648588,0.0160142034971664,0.00978849348984157,0.00588836472881576,0.00914855073471621,0.0153955163753433,0.0108969532191067,0.00720729183428896,0.00673214861556102,0.00965318785318131,0.015207711108137,0.0205319366087039,0.0118507529882349,0.0102032471299422,0.00860548144901291,0.0131647389379627,0.00513258128448111,0.0052957150468471,0.0112230511269358,0.0107662424134347,0.0100239926213743,0.0106979518870931,0.0137794569341109,0.0112951124487218,0.0130192566830826,0.0179384349551363,0.0102884218882418,0.00905368718518536,0.0112938057260414,0.00619435707487998,0.00833287503841468,0.0107084561016264,0.00944310089763012,0.0166034385651985,0.0107233341667728,0.0137670665273254,0.017662437923886,0.0110965130752556,0.0175182722695751,0.00495155512694382,0.00958554894213822,0.00666863074264272,0.0103268330549579,0.00867383794885004,0.0111359188750404,0.00740236335898142,0.00919336197292381,0.00472149423028665,0.0109226254846547,0.010525307107273,0.00650285451820006,0.00892162872618409,0.00710176741942744,0.00192042972592256,0.0153267206625962,0.00528693397427891,0.00982462076707965,0.0192690745884158,0.0157437520065904,0.0112906113594115,0.00728407777804615,0.00965802461812004,0.0116176880765499,0.0133203306164398,0.00920995572107249,0.014511014180617,0.0060607834798194,0.0126005825668943,0.00562977589441416,0.00951189753179271,0.00808710747266624,0.00725804483532659,0.013444413364627,0.00326180374661741,0.0150070306327955,0.0114993658137434,0.014498277018572,0.0172773771791677,0.00563685570604881,0.00676562743867826,0.00723818984675776,0.0288470841299495,0.0238151499988582,0.00466276141238533,0.0107092693850303,0.00605549925994107,0.00711993391661616,0.0139474923671082,0.00651416274764553,0.00533471844637358,0.00272867387259775,0.0131479714731072,0.020071130907761,0.0130022089394504,0.0174919561549308,0.0114842691327232,0.00482696144314782,0.0100090374282607,0.00939368733271355,0.00948714887034452,0.00848064835340649,0.00827918925109171,0.00921714141543115,0.010799834156603,0.00815004018839727,0.00652125166283672,0.00513358927232482,0.0164101216092568,0.0142300223846662,0.0106846047243423,0.00922702953115158,0.0183053038072193,0.0146629949954783,0.0097419162437783,0.0107338511675074,0.00724559969957668,0.00929230003056993,0.0121466650868761,0.00279205912745708,0.0184700659380352,0.0154073065374915,0.0142862866047393,0.0107036353397713,0.0147128557906124,0.00265756499948603,0.00619122886881723,0.0114731922179534,0.00915885103609304,0.00604398729804156,0.0107946761101788,0.0146795814227478,0.00839568210704191,0.0110042155190486,0.00800268961538962,0.0146637805983849,0.00867058625885562,0.0059731218790891,0.0231109846469405,0.0069320323369146,0.00982015594852638,0.00980018867540936,0.0230625019835282,0.0107101522231287,0.00878656956370022,0.00151290125832572,0.00865860156147582,0.0145416154693023,0.013386314160517,0.0123861169255588,0.0082307646674021,0.00839457379507313,0.0119553438762187,0.0139879389636649,0.00752949475502982,0.00889370236004613,0.0189457414725456,0.00750909825315913,0.00831511742662736,0.0118179643513369,0.0197886258474469,0.00722700281069847,0.00783286979680923,0.0111125293197511,0.0111496174512304,0.00719906636818962,0.0113582673732398,0.0109144889706894,0.0143319452690971,0.0110913100241168,0.0180365049268006,0.00671645677398893,0.0045744121588715,0.00836334124764844,0.00626731827485936,0.0117213161726402,0.00974963712998593,0.00955750597847877,0.0136698837555513,0.00791397286244875,0.0188950035880756,0.005975054809,0.00774702532577443,0.0219981769305616,0.00722093875763054,0.00739328163059938,0.00888701232736894,0.0122997292373537,0.00622413583273886,0.0209156560817623,0.0154670202693823,0.0194624604201092,0.00625292332327119,0.0151013960747334,0.0112918737415171,0.0131851007338621,0.00533480905688869,0.0162272771546147,0.0072671084664059,0.0200304524301979,0.0202536529591952,0.00908711331689723,0.0106954049591868,0.00451730684682775,0.00762359023657487,0.0133307828438756,0.0138458460791667,0.00409472245273967,0.00723057026382473,0.0132622500065361,0.00944728738024229,0.007970795467293,0.0070482898732606,0.00907476228584251,0.01279006397658,0.00319064425102561,0.00982987375232118,0.00533783284866475,0.0106436496391971,0.00989206852136411,0.00495817598362928,0.0143167026054935,0.0166666604086337,0.0149558414341286,0.00922218443996884,0.0116870196527659,0.0173632592046553,0.0166454808350898,0.00792610512286879,0.0154563252341988,0.00289745040228519,0.00445891888593251,0.0132381079426361,0.0106306958273781,0.00978702795845582,0.0124028364606863,0.00773084402285212,0.00846752391783184,0.0118282735343928,0.00518392869735618,0.0103696859629712,0.0188357040015819,0.00979310421780912,0.00935300553554778,0.0162969661571125,0.00436301994316918,0.011409360085615,0.00305355990188949,0.00974347471590277,0.00687486209989917,0.00426581764312051,0.0101474003826728,0.00752141687102535,0.00247507164285066,0.00702415596271786,0.0164683610971743,0.0116317688813783,0.0101210420941146,0.00593060529488132,0.00853837719382068,0.00570969422103938,0.0043549132500139,0.00508616694540344,0.0150595033952771,0.0104436217170193,0.0109147424029597,0.0118373273530992,0.00985919654244279,0.00628668534587945,0.0164196580223123,0.0214821131932202,0.0132919399965861,0.0144556408334993,0.00966030967323711,0.0131852645112908,0.0186395571009095,0.00771920755536145,0.0149457165058699,0.00869522186350989,0.00525423108514824,0.00782116119300499,0.0103306416648487,0.00883685446702526,0.0152690708337918,0.0166394273493541,0.00940308139939861,0.00835067349688826,0.00734351299970544,0.0145624322252714,0.0139926416381168,0.00516310321335615,0.0121293598115609,0.0119921796995,0.00883332999842322,0.0173330435107084,0.0114290178703412,0.0148582272230894,0.0101637114316605,0.00637247220133454,0.0107904767652821,0.00577007614207196,0.0188091429899691,0.0179329406866704,0.00675976670141112,0.0110603868586273,0.00933913843982,0.0178789069779946,0.0092794710528662,0.00972084519055046,0.0127382776721795,0.00629280045811061,0.0151113286855862,0.00723157582920368,0.0164961618190617,0.0176915567291767,0.00883963710758164,0.00658986034505947,0.0116139716343202,0.0237287996889663,0.00733456467874492,0.0115208208229028,0.0115701191652225,0.0133328233061488,0.00211183323613096,0.0193492848083719,0.00911064008919671,0.0164743007406565,0.0161468986407124,0.0187075804733303,0.0108586411901444,0.00798645024514514,0.0115594498658345,0.00885198727575905,0.0275532797770316,0.00537808709166787,0.0198778659338513,0.0109301701329885,0.00841088399219257,0.0149244176322099,0.00398591238635683,0.0106733820075166,0.0109244771738065,0.0107115496228111,0.00614188974261152
"true","candidate",0.995692806913172,"JC69","strict","birth_death",0.0114620761049654,0.00680265658901036,0.00878758941845997,0.0115416676512807,0.00810211822203816,0.0226495917889495,0.0232703482256777,0.00984951381515531,0.00621760986904281,0.00847524923687635,0.0137865699727803,0.00410091791852984,0.00399043751338157,0.0152473969458916,0.0081107953658515,0.0105428985716964,0.00578569462104304,0.0122284084627947,0.00516515812242339,0.0129538469765518,0.0101564322233057,0.00725237452503471,0.00803153670943755,0.0177863442336444,0.00620392851291181,0.00760510155138122,0.00780473993224893,0.00890632387285821,0.0166351433140677,0.0108649003926664,0.0295291835296049,0.00505308339746084,0.0115692633237307,0.00951051765082524,0.0126203292834239,0.0100686571852615,0.0128217144710132,0.0104557225757604,0.00595783835983138,0.0121189373977663,0.00995977782382509,0.00714575057599765,0.0139503893148407,0.0138395341266234,0.0107850196674389,0.0234290002548652,0.0125070255047787,0.0150766382605894,0.0237545075680791,0.0255260865697368,0.00749963368250452,0.00513077625566751,0.0148068787570316,0.0130866972501873,0.0147482556284135,0.0234322108527078,0.00978634611311469,0.00837503242653083,0.0130191582992848,0.0035350489538048,0.00804726741452488,0.0108767768481492,0.0101172287757638,0.00747961574362577,0.0195193880081541,0.00813129256678509,0.0176766741795278,0.0140770143987332,0.0110090559153789,0.0136845932118338,0.0102994596101322,0.0147459534753362,0.0158313167247507,0.00794222075097776,0.00830120386350754,0.0145837373885433,0.00915555686979104,0.00642160225678442,0.00664235657810601,0.00670232670964185,0.00963833053849526,0.00955305804600311,0.0139365107408826,0.00641851214610473,0.0106764047528529,0.00645943049718291,0.019468084476286,0.00854296705790273,0.00251929907317385,0.0143680739790391,0.00489641736739686,0.00587567618493288,0.014366416499027,0.0207819452740458,0.00549629687087422,0.00691563067105903,0.0128662896066522,0.018851843980454,0.0186931039662063,0.00397292558413489,0.0130217535096557,0.0125635643441553,0.0135755503837714,0.00911916872657137,0.0174530181429508,0.00654686027909333,0.00475903787217497,0.00620602560037185,0.0280222656980446,0.00938466524909021,0.00627160835672486,0.0232209422072349,0.00267171731164182,0.0169796158380777,0.00144170963686441,0.0150587972369109,0.00794188236808287,0.013529324937062,0.016585947997142,0.0131014637092195,0.00398159973740815,0.00792045509186327,0.014615770769924,0.0111459934105813,0.00902030509708009,0.00969742828697299,0.0107346275911524,0.00295457152498892,0.0110430868213665,0.00925309360705836,0.00527650852026973,0.00758136244587685,0.0079075542526856,0.00948260627789301,0.010896770053998,0.0106264101359529,0.0254070416159432,0.0185467900450069,0.0121462020113766,0.0310014883754297,0.0104046528605472,0.0121568616346012,0.0236078226052732,0.0218112573386331,0.00611006475802758,0.0132569761699251,0.0137798154972383,0.0055300585135412,0.0222514810450655,0.0123016648844316,0.00857981890604661,0.0046723358264576,0.0144924476722979,0.00372790218493877,0.0180118973501935,0.0199941399294873,0.0143938564449458,0.0123848434983798,0.0207243562280085,0.0117273518616799,0.0178578299333207,0.00909202209044531,0.0235720823747107,0.0101191264832641,0.0171940897435669,0.0115730508424535,0.00886007064317994,0.00732391836290984,0.0149539586511491,0.0127107721718172,0.0126764150600161,0.00775071833813782,0.00430479369007599,0.00678487033087507,0.00673861044596957,0.0107308230910108,0.0173408523661121,0.00583610262456802,0.0177440587873855,0.00797881206666393,0.0130843342518431,0.0107383037507016,0.0096599552824473,0.00672532251181098,0.00971423552117355,0.00868540687546254,0.0100409580994073,0.00910344202665307,0.00661360909883278,0.0113424393268816,0.0213355974074605,0.0121634315680078,0.0133784740126549,0.020985791497008,0.00868949939602938,0.00984156145924379,0.0102429702013978,0.00381271562655065,0.00486746827986604,0.0147731981105898,0.0144487481956334,0.00610006337781386,0.0128299635333881,0.00911446882137999,0.0118550568423309,0.00882166280576846,0.011688834721151,0.0144930214307962,0.0119158780614623,0.00487632185830807,0.00538263750552246,0.0057147559248823,0.0142645513388718,0.00993237597993986,0.00954921686545735,0.0210776641802699,0.0164830369426142,0.0138572690642929,0.0231579679380337,0.00737092354479637,0.00998618112654963,0.0127562430418982,0.00791726537528289,0.0251193460008556,0.00817062722592295,0.01105055454492,0.0242162807552802,0.0126893176527832,0.0311415411593266,0.0145275820934662,0.0146779354988212,0.00855515954757846,0.0132839572080951,0.0111210003461462,0.00797692799337844,0.00723608828631929,0.0124199759472846,0.0151786762139241,0.0145915043271046,0.00463576429072439,0.00785650380322328,0.0060783809276751,0.00704674299440911,0.01441058029624,0.014043686140645,0.00773841803498804,0.0162969053587039,0.0184217426802679,0.0230957625747648,0.0123507337543292,0.0083508327442373,0.0178204270277403,0.007682158012287,0.0144043339582136,0.00827240821253942,0.0132220881873357,0.0115661777183071,0.0109786968250393,0.0133059554927708,0.0116088215936543,0.0257092350463674,0.0145003419523902,0.00691347447530048,0.00489333195557266,0.0120076705837741,0.00794978422050147,0.00640670807621137,0.00967895986021161,0.00448551392506465,0.0220144326662703,0.0217535756902442,0.00838989121996507,0.00415016246360942,0.0108977059316568,0.0147908246589147,0.0142769597228902,0.0137001080435074,0.00952537823598273,0.00277143181191223,0.012434308829215,0.0117680534331958,0.00933300519196419,0.00562829691655024,0.00701330342788871,0.0100169427239535,0.00353903555400564,0.00433491103187078,0.0119146163904261,0.0131486386544747,0.0107976935066827,0.0226640282670967,0.00980417038332813,0.0160312365249687,0.0109218852495586,0.00899027326482721,0.00771375007897316,0.00973729764552752,0.0163429650553096,0.0100563173285416,0.0132492023972699,0.016597628247792,0.0084739740146849,0.00696386229407087,0.00704251540166897,0.00711233955195215,0.0225796916925699,0.00375338504766842,0.0137057840262994,0.0124360638652014,0.00785864046986466,0.0170301184087918,0.0082394180592862,0.0226282830235701,0.00795792975439868,0.0099805553576312,0.00926192293107536,0.0122481768736519,0.0100526954229792,0.0170106618966819,0.00835887658529198,0.00922203816239156,0.00901368941356847,0.0162519799861827,0.0133320108729298,0.0208925729171906,0.0148979864321188,0.0148881101742914,0.0136360907663076,0.0117129309898286,0.00947790584990965,0.0276660803865991,0.0165043440189338,0.0120151667877608,0.0142641190841274,0.00363285159276433,0.00740993266411161,0.0115691376663479,0.0131213215941739,0.0117051274123236,0.0103246702598466,0.0109478117039671,0.01441216235866,0.0117910532748171,0.0127612220006975,0.0231945527639959,0.00907092146904429,0.0170797322817005,0.00668627450132549,0.00711155426563231,0.00525937984030256,0.00550749448986308,0.00962781486821953,0.0127850630228368,0.0068385500599689,0.0187708182163565,0.0152106592627099,0.00913079780216464,0.00636399895099106,0.00392174010582363,0.0148389374246506,0.00812407214272838,0.00828601581895664,0.00905245762519513,0.016114468979546,0.0198595918935297,0.00967127864340739,0.0112687054753261,0.0161983615074769,0.00897779097017426,0.0128613947152896,0.0133711688199838,0.00759393608851781,0.00734553791384546,0.00490316800638224,0.00407281029288374,0.00534355463217308,0.0133965272118259,0.00823732896149428,0.0139770732432393,0.0139172097176557,0.0115056061004375,0.00986294969895106,0.0150477980831237,0.0170005964499258,0.0109904664586696,0.0150217213605337,0.0116589665410218,0.0185617374730298,0.0107637217218907,0.0136384075543925,0.011763796808321,0.0161986438831853,0.0102556547000157,0.00451760516836917,0.0185462579066551,0.00887514031557246,0.0106546954356976,0.0156331644084542,0.0127305517192441,0.00813713677040704,0.0119847836080999,0.0175845531550826,0.00937902415384475,0.00919045731549138,0.00646016143014598,0.00620159280640621,0.0130624264382212,0.0132571615222459,0.0106214042132067,0.00193325585390329,0.0165106534511226,0.00569738019573368,0.0109103495040584,0.0143314376654669,0.0201269474029375,0.00644559942110029,0.00622891772058942,0.0179836808024596,0.0189982598042608,0.0191988302653466,0.00678136231342149,0.00539439832919142,0.0143016592082842,0.0116949585154864,0.0096364450996531,0.0163637952536133,0.00428468531987906,0.0225142367442575,0.0108252214830602,0.00656915721742687,0.0208632507798513,0.00972144734761885,0.00924414122249637,0.00756103592644051,0.0105588748360515,0.00348736062594907,0.00740348453224719,0.00753796665715967,0.0044099317713629,0.00620040849178373,0.0104823607686057,0.00424492838687035,0.0116467432931938,0.00968376338296728,0.0243891700233307,0.00566428129199514,0.0152295405555373,0.0089640738778086,0.0116824678732614,0.00368882857764324,0.00355958147486979,0.00723916455228687,0.0154206355734186,0.008360264327706,0.0178597496691684,0.00615454308837073,0.00670741451536886,0.014543297115702,0.0141647088974831,0.00831792929854082,0.0176691951238812,0.0123830116368262,0.0188351311345614,0.00382711150744195,0.0122893478091153,0.0116113719454144,0.00714675719580945,0.00755684545909304,0.00947065028095127,0.00643214811852971,0.011263318832041,0.00703956582364751,0.0140618050250335,0.00729751988541052,0.0109364194512822,0.0122567301888267,0.00352424020076085,0.0179444677604039,0.00792771310171973,0.0101547013946001,0.0137388149776638,0.00870160208683981,0.0124096694051131,0.00672453907504643,0.00857826299277618,0.010456706287674,0.011161396443592,0.0090979253999998,0.0136262900565051,0.00567516173670946,0.015695062965019,0.00494590611394252,0.0142063535393863,0.0207825061274649,0.00680337276748179,0.00437487243898717,0.0210654098320918,0.0127268997513749,0.0155757884833601,0.0126114074367257,0.0118819547642947,0.00730955494664691,0.00712796673203457,0.0123539537425963,0.0112809954967906,0.00540141322091314,0.00899988458957487,0.00910023956051829,0.00602860519630956,0.013844221150987,0.0154752721521216,0.0160024401683862,0.0104705610530885,0.00755997269212272,0.0113127689563606,0.0180007625859501,0.0149601623240993,0.0143322838044216,0.0156577713248767,0.00340479662048027,0.0182916406969563,0.00189609925119113,0.0111710988024825,0.0164275225687994,0.010296538775022,0.00661103270999523,0.0200811612564282,0.0100400844412821,0.00610401067218465,0.00797806421528889,0.00742905345971908,0.0150332860049629,0.00987162302936031,0.0114455067235133,0.0182460106767876,0.0108772962568978,0.00800974487657126,0.00710799867552042,0.0157582517219877,0.021421122504549,0.00868228684476572,0.0122292553982238,0.0122653899579457,0.0236276415922824,0.0139787798768415,0.00878360768158187,0.0153983812492161,0.013186857123016,0.0110935347825638,0.00741560698053789,0.019371603443914,0.0203199149989071,0.00916194358431203,0.00728298291896793,0.00878541309531206,0.0137010017487976,0.021222520923046,0.00901097542057614,0.0112874923247529,0.00428765590469301,0.00682801018773181,0.0115689049507475,0.0184924303085852,0.0110241612156148,0.00589809849854258,0.00450543318005183,0.00244848987888182,0.0129572233285419,0.00939601833245668,0.020934562765611,0.0066690091994796,0.022000426606273,0.00342488332523117,0.0115037742078361,0.00767558004192644,0.00978029122033362,0.0129632987729765,0.00558228721992408,0.00615869224570209,0.0116289206623578,0.0041842767840326,0.00875309459567244,0.00897759558923372,0.0141701669221636,0.00644124255288548,0.0065107114481438,0.0114370266566384,0.011660159631045,0.0202141661332169,0.0164166380335826,0.00765931514267766,0.0123119906589153,0.00601746980344521,0.00293755820149207,0.0107611482053211,0.0110148167023842,0.00675636137297172,0.00807297285615788,0.0134477821719284,0.00773455864518182,0.00429181490440241,0.00765684282989804,0.00871510479955603,0.00770599820989669,0.013692055253729,0.0087050816906934,0.00723381009819649,0.00291591421853042,0.00802444761604027,0.0185162915598966,0.00219667091055311,0.0050251148627767,0.00829397270434362,0.0217222702690035,0.00403994351392447,0.0151660308079138,0.0126032742309493,0.00663224015144039,0.0237874867490714,0.0099998596162816,0.022828783471095,0.00998247887963398,0.0119432894290377,0.0127217241840666,0.00901417547249894,0.0136194749849846,0.0135799007499916,0.0145465569372815,0.00676972829282411,0.0134523854885778,0.00772180562243474,0.00674156311932021,0.00658606011573931,0.0133087700802212,0.00969059159054851,0.00791938156505105,0.0125344131546547,0.00964829802850106,0.0126878602381911,0.00540300840147005,0.00491210263834618,0.00551673267760896,0.0142287311465654,0.0102052706258709,0.0129705289897674,0.00526066560612807,0.0109795496917718,0.0147721341673711,0.0195067070732684,0.0121716912539431,0.024244720899177,0.0182541075641566,0.00648621811045249,0.0099581164583837,0.014954561658406,0.0125308831563216,0.010034576795789,0.0120119081615057,0.0131975393518843,0.00849599546507864,0.0102611592258379,0.0301247936171314,0.00404185325767083,0.00742701714619604,0.0055848901960441,0.00953842525263617,0.00947615612765684,0.00896313753784444,0.0083601951937245,0.00960683080989683,0.00838004681386094,0.0243230530985256,0.0117817530735273,0.0217101997120466,0.0134435904683389,0.0117367218185597,0.0182109622138928,0.00937923732316359,0.0100671689773665,0.00890309509132977,0.00615355848502256,0.0054807045518074,0.00804233987965371,0.0140416820634764,0.0115843211641022,0.00797852173465389,0.0142836226834513,0.00752020677368046,0.0119778084805817,0.0053901408897193,0.0164950506217227,0.00641086969207259,0.00838979327335883,0.0109694909623151,0.0179073393516836,0.0163080535853641,0.0118077000690856,0.0124084772613912,0.0101805911864014,0.00733163483585673,0.00733699769000936,0.00793673685198794,0.00467638697752343,0.00685258953701088,0.0241236469841136,0.00540999702575005,0.0105811646046884,0.00931980454082475,0.0100393254738012,0.00754543635155353,0.00475135915441956,0.0184716659005843,0.013479563987882,0.00687918314296894,0.00897572746643186,0.0231931013591174,0.0105955295676759,0.00879369866431529,0.0174858383878567,0.0105354189271918,0.0132890030150974,0.00579610612155078,0.0127699547477325,0.0231697066697368,0.0151339738128425,0.00382986027767116,0.00964706065121509,0.0134321187408651,0.00942751716631971,0.011735387053275,0.0123393781405494,0.00847673697204806,0.0110451745162626,0.0134689137785923,0.0135445576360678,0.0136440140047306,0.0209134438591351,0.0231450668593004,0.0068374152929816,0.00556204859828987,0.0134464031092562,0.0137033561794323,0.0149375611379772,0.0129881470409719,0.0122724617243258,0.00322269202690295,0.0117942108914961,0.00349059232520166,0.00700813225583659,0.01691682566449,0.00706033819414631,0.0102529895169987,0.00909816673365349,0.0114814668707856,0.00173511249266543,0.00863824753005201,0.0148335048393025,0.0126604530861124,0.0131609132295249,0.0130173314208319,0.00804593799413367,0.0113657767069474,0.0145352226813834,0.0168480927357707,0.0121600504028569,0.013262741292189,0.00830904552042453,0.00761926712380236,0.010578123717857,0.00487882792525229,0.00877162981984819,0.00625909893823057,0.0251320153887352,0.0132321815565367,0.00889765299881085,0.0105264667597152,0.00693773804925689,0.0187659674847928,0.00733831333669316,0.00575680738742275,0.0135266587332804,0.0245187593874599,0.0056147649149532,0.0161098382638769,0.00933762135544438,0.0168697041665928,0.0198302153514108,0.00778654201070557,0.0104500986035119,0.00931461427791463,0.0055839566004501,0.00986891735969248,0.0100670994527833,0.0110764881411902,0.00694955265391761,0.00845501233674808,0.00897547941461844,0.00849251511919502,0.00719431169240505,0.00640789035109042,0.012100974029227,0.00454991592681026,0.0135014205891883,0.00908066777004696,0.0108942034754389,0.00713534486875174,0.00677709216228204,0.0130638582982479,0.0147241327600128,0.00555597833786851,0.010046533847648,0.0101643288016917,0.00700198989240578,0.00629893398513522,0.00873869820820342,0.00979039615796425,0.0139675691275931,0.00586732498208222,0.0220284073930776,0.0065191371430548,0.00762068747751601,0.00856539653885776,0.00601038608369251,0.0179519837034344,0.0142483011656285,0.0103891224924897,0.0109790220644537,0.00536032738572256,0.0165710706241072,0.00280635402398747,0.00722719020929841,0.00661525696257503,0.0250675440448825,0.0107198859038217,0.0136269943463909,0.0126524474150609,0.00691017982257075,0.0124912521107287,0.0181845216375603,0.00934368717171485,0.0131070172032931,0.00366346995573661,0.0239407410112942,0.0109883406805042,0.0146626799583452,0.00408265341534236,0.0100386279422232,0.0110555047692706,0.0105633980469423,0.0151343036779481,0.0123400735657589,0.00535624767425622,0.00702141738475577,0.00617778832437758,0.00725879454874388,0.00672315468093461,0.0104691089359,0.00694964387289591,0.0195437471137522,0.0106742142811084,0.0105958504785479,0.00779323412322686,0.00995040266436896,0.00926425474559404,0.00368761161615253,0.0194749146690519,0.0147658730430368,0.0191737055683976,0.0142449958552281,0.0127943542806243,0.00872997292693153,0.0125993556766482,0.00840958511278776,0.00844393309001603,0.00503724299246374,0.00507102597783458,0.0081805643490517,0.0141948631778523,0.00597937920293795,0.00970810117355146,0.00975927157382659,0.0189011754673543,0.00830516418900516,0.0105119685750399,0.00847055844683007,0.00918273677692706,0.012374305886919,0.0130231866277436,0.00837278527581982,0.0126155978725854,0.0111547289481204,0.00958508158212475,0.0169548561078507,0.00519250257729383,0.0124369408515056,0.0109172261180929,0.010508755264875,0.0163162978248877,0.0060646506954723,0.0161042775665949,0.012720897676608,0.00825847780077558,0.00867986653394319,0.00728257445948451,0.00615447694613735,0.0136450563061732,0.0142421600329271,0.0175752235140397,0.00570141880609765,0.0111394237132773,0.010639151559895,0.00836123571598759,0.00921934876675547,0.0137399019062046,0.0142661312054604,0.00992267903841071,0.00684936594225886,0.00745044470044287,0.0179967590150327,0.0162724298862385,0.0101755199040866,0.0143383173820897,0.0083535969596728,0.0173207937990285,0.0225621804036531,0.0104803320743693,0.0105821829235088,0.00652026452705281,0.00652701209842658,0.00762289532746809,0.0155621011510467,0.0178447229096019,0.0167146870987443,0.0169770922925409,0.0119645566037858,0.00741649348271112,0.00549679654787052,0.0096484566960328,0.0136054253187174,0.0175920417463007,0.0126895034373656,0.00532706830339299,0.00690586317089707,0.0142760189155557,0.0155572499764841,0.00954900096668935,0.0049761065409145,0.0068335995999946,0.00229420875051793,0.00999660419683438,0.00879319880608724,0.0206237543298208,0.0233814669045884,0.0143256163994977,0.0126699893876306,0.0123798952671089,0.00638259156674803,0.0115880032860767,0.00404335402663123,0.0154463737882254,0.00714413100182611,0.0162984110459521,0.0101088166055294,0.0123242724069793,0.0164688790744236,0.0288236824238392,0.0173603084572083,0.0151774940927485,0.0120804015325701,0.0119167612731708,0.0251104468853289,0.00587358552390608,0.0173644485393122,0.0133271914511178,0.00966681080799276,0.0181680267330522,0.016462670784951,0.0126546965857092,0.0135448760943568,0.00282895587194841,0.0112260654341737,0.0155305231172769,0.00924573829428003,0.00443624714969032,0.00642991675926941,0.00696620381366965,0.0165476903289927,0.0122921556913764,0.0136193714892916,0.00852731009797977,0.00715413203748109,0.00722111450587376,0.0201724009100367,0.00598935120352195,0.00656171924869203,0.0142202648002527,0.0172694960893454,0.00317738268493906,0.00877771108224233,0.0114852843454803,0.00893570705237617,0.00949522221016469,0.00843052695494778,0.02854584508928,0.00676233144324708,0.00837372472245925,0.012616786081156,0.00593899318125257,0.01813153854439,0.00923605356046322,0.00983656081938021,0.00695066659094569,0.00538776550111986,0.0108516340643547,0.0195973191836939,0.0150954684008248,0.0148615731418291,0.0148325756924848,0.0064306274306178,0.0104945770188495,0.0103625075810181,0.0255411099013355,0.00787517358789016,0.0128969524406752,0.00781053369436517,0.0146815609187629,0.0172077262830913,0.015568325130931,0.00883788512704779,0.00731574600202906,0.0141625739798686,0.0109652548113178,0.0132525219053229,0.00506095216747776,0.00577259147209974,0.00763108587276927,0.0141645553298444,0.0076496909425189,0.0127181757229255,0.0149913385080898,0.00903553611239364,0.00748810103674326,0.0140572480415832,0.0096967163349684,0.004877954383135,0.0070181428558029,0.00888225521097855,0.00879978724842203,0.00457973650582649,0.0120746956467192,0.00210558816851344,0.0120450340064501,0.00690980382844973,0.0128746499052118,0.00787295014540912,0.0179919319351846,0.00889570729500457,0.00574299791684909,0.00879169646880888,0.0145190259142796,0.00971278457141446,0.0186103122922502,0.00473380407658621,0.00361614844371544,0.00854511415087613,0.0127697161992322,0.00802696526795799,0.0220064474549208,0.0157732002534422,0.00578031439579006,0.00932672200259131,0.0121989422699482,0.0171026056679444,0.00384736212646969,0.0169632891640098,0.0075575567059249,0.0101183608144247,0.00897983157598405,0.00629331229304545,0.00608558117497715,0.0117750782465469,0.00710148347538997,0.0103867019434014,0.00590593324355225,0.00874513385509918,0.00718127754733429,0.0101047546855684,0.00737755568574244,0.0187442851782677,0.00409001751215147,0.0100129603441284,0.00994619174172506,0.00671956576461915,0.00552628384880795,0.0100335707748098,0.00903645215108645,0.00439364953349554,0.00887957859352871,0.0105029731565569,0.00214744188691622,0.00517736624581387,0.0121608590367822,0.00441121705222952,0.00775615534987402,0.010558076261319,0.0211314597291489,0.0112858096806213,0.00879945724362902,0.0198526814204079,0.00634406909103659,0.0108089724525435,0.0136830947621227,0.0191559099151643,0.00454091040555227,0.0185945257100212,0.00568420916557808,0.0104622143580152,0.0135982943699752,0.0171517644927533,0.0184942592173501,0.00985937899835186,0.0104375834231885,0.0111274358507918,0.00292309287032202,0.00316838588117988,0.0098747633147212,0.0146174440376762,0.00418079070011677,0.00812776361025127,0.00731753976321418,0.00438813178740198,0.0075228586405273,0.0159145938908579,0.00799579191746488,0.0107116742801046,0.00808848563137221,0.0141331421910869,0.0139188326838915,0.00723285702275485,0.0101357037335584,0.0186916726003762,0.0123988099868509,0.00690676872558841,0.0092614546445922,0.0124137039837375,0.0162757980607989,0.0231428547249794,0.00924889964226646,0.009521384004053,0.0158392780081648,0.015370921172593,0.00798136238678802,0.0068249115374896,0.0130625479604542,0.00813983952210159,0.0125755886311308,0.0107030433352812,0.0102381951187959,0.00230338524941006,0.0106541898062656,0.0169650733948579,0.00383370442844855,0.014215850544591,0.00511919276426409,0.0141030535327248,0.00558491652093257,0.00561778288058014,0.00853523488963579,0.0118669708299518,0.00697138000106062,0.0108445682539854,0.0110120495770422,0.00590960282854691,0.0113859698679165,0.0202165215525318,0.012552208612246,0.0151489256420081,0.0163480991060323,0.019968729235422,0.00795287297668364,0.0102609181212925,0.00878166603353754,0.0131584283797903,0.00831921511732155,0.0106668223491598,0.0144055255517426,0.0122581992735274,0.00692684699837187,0.0112106520313135,0.0292363843650436,0.00938030719251413,0.00956236251375214,0.00862549640924132,0.00540133948061685,0.00283649874962875,0.00626877661432111,0.0150644729562495,0.00676181196456105,0.0163860939375763,0.0130259972847846,0.00863439348661205,0.0028719310404884,0.024073837125287,0.0023997286997592,0.0134555294192825,0.0278959411389481,0.00782198472431776,0.00774564577941533,0.0163170371262608,0.00423136858712821,0.0192489103545579,0.0158191501323589,0.00475492570187873,0.010249412866699,0.00823110346036567,0.00566245769981475,0.00894722879827405,0.0143409424503555,0.0178588396883483,0.00937486664390554,0.0185885106998732,0.00840092566447502,0.00710995682710399,0.00954097898158629,0.00642201916754252,0.00347093240476563,0.011817420760849,0.00787763594949496,0.0249117221334232,0.00722266425767026,0.00499050705431614,0.00899950019917341,0.01063355966687,0.0166429397645431,0.0117450106345295,0.0204800290992556,0.00542992510351657,0.00580359996792845,0.0077207332673568,0.00985322193972702,0.0171706590218663,0.00605843049571421,0.00512830455701398,0.00632610468013086,0.00531363823696394,0.00876480884279257,0.0099405131731107,0.00842501406712222,0.00576902666188306,0.00756167094481119,0.0128468622249124,0.0148255438549609,0.0106237434563213,0.00699582662169381,0.0152096643868297,0.00940178788418376,0.0179506663294098,0.0129706670569303,0.0114171786046964,0.00186935010858428,0.0112673614012725,0.0104858395618792,0.00335572403584257,0.00764467175314815,0.00671983748134432,0.0049229180253681,0.0116595545732728,0.0194403551504401,0.00540987833489052,0.0120691149413619,0.00650898052707066,0.00434192510289392,0.0114276695880177,0.0262298851359897,0.00918150024086545,0.0170826025810473,0.00906692539040279,0.0289654055770085,0.00504203475754391,0.0102971962105937,0.00695146725340482,0.00485586268188367,0.0121202416142878,0.013090476233921,0.0155224989286095,0.0153153194905863,0.0107545304239482,0.00486763668483956,0.00639281444784116,0.00833559199292457,0.0173443447753202,0.00546759399387237,0.016745349199672,0.012173831980443,0.0146745547424121,0.0156224050236902,0.0138332813603945,0.00956454198273887,0.0177549901555055,0.0109285821694857,0.00549758515440435,0.0027100463803072,0.00837112680712356,0.0198873577257239,0.013514494909366,0.0197558520302604,0.00250035059841023,0.0182496173694198,0.00680468061356606,0.00589448142316773,0.0129947273497393,0.0171983467363714,0.0224742609997423,0.00591780325265438,0.0113571912916916,0.0129245285745929,0.00774184601749898,0.00658847553779338,0.0136381491597197,0.00676919171605789,0.0085932064104061,0.00853319801686468,0.00431724396982249,0.00581139308473829,0.0115197576352437,0.0106766550702393,0.00473617867088559,0.00434494839387569,0.0183295868298469,0.0107352062772633,0.00633088797258322,0.00684029451698379,0.0163581451861877,0.0100024023058827,0.0127002496120728,0.00502598585764894,0.0114378184109127,0.00769522532257772,0.00615993932756246,0.0144553408610951,0.00813237588982927,0.00942686293489579,0.0125166498404436,0.00677533106872628,0.00807410033472644,0.0117366688642185,0.0052314354481295,0.0105893037712359,0.00559361926986609,0.00934490971518666,0.0110101083937543,0.00640823951911721,0.0111132289491471,0.0131746750928334,0.00548576636036754,0.0102248251350613,0.0162066439544117,0.0108690437048615,0.0162363598151176,0.00778252888806746,0.0123606962039536,0.00337474160002053,0.00457157456400438,0.00472270358428702,0.0100596101059285,0.00163761086050381,0.00880277545614289,0.0204502578114503,0.0101012623458014,0.0124882902770494,0.0125154555801826,0.0143358073136032,0.0046961898480374,0.00562375203640732,0.0100014462952766,0.00708087076412547,0.0356844593659416,0.0122553607608119,0.018526119504378,0.00920229852190128,0.00752090312333324,0.0132924482382549,0.0128093280870253,0.005793423809091,0.00624628927412024,0.00736110824170098,0.0107051029175831,0.0104632530845647,0.00730114296996563,0.00980330627732382,0.0114718312889227,0.0116809239679655,0.0162499734868948,0.0101816006022284,0.00811846522380856,0.0110786666545892,0.00665970994582913,0.00622876687195388,0.0115017705704245,0.00426655176344071,0.00850518666073167,0.0136709894484536,0.0225502628559978,0.0167513990566376,0.010467981334011,0.0084673476140417,0.0120995814302581,0.00278390127641578,0.0152369130314479,0.017701629440796,0.00889408320004896,0.015886082568796,0.012850805752826,0.00577482790314175,0.0129077621353345,0.00482556727441502,0.00848146204741155,0.0124478063166892,0.0137535218502233,0.0104483984339806,0.0162847482500037,0.00803862646269314,0.0104634145735109,0.00736379512094137,0.0124715530936796,0.0133415877348886,0.00522821840681694,0.00422184465139693,0.0129258848712318,0.00330532005895242,0.0123752951463584,0.00757032538963766,0.0125606972103368,0.0154189671721297,0.00683605701164924,0.0253781869769045,0.0144196246173452,0.0169680022590893,0.0159034154927872,0.0152050886835357,0.00950456358776058,0.00840562444173269,0.00740871726870455,0.00680986613474358,0.012879114155683,0.0244633646258476,0.0105845408338578,0.00762537510261563,0.0114992476381798,0.00682403761666052,0.0128158223720057,0.0295111640461748,0.0125464309193999,0.0129194744067028,0.00556645846667925,0.0125894272260027,0.0131673214468417,0.00580460432590596,0.0159317194887396,0.012688291654835,0.0223288661804391,0.0143117314715939,0.0167913204846932,0.00962691011996806,0.0167172325568434,0.0259686068184621,0.00680576953711913,0.010016168228701,0.00234350632588809,0.0138120996449801,0.0173223048565103,0.00281134499779739,0.00554659622445086,0.00501628777972063,0.0107400317622974,0.0230600622085659,0.0166749821954357,0.00911636606317729,0.00469186060357785,0.00842345052035071,0.0165587853595342,0.00947616407431253,0.00786570877417717,0.00876719967643497,0.0130897804803605,0.0100617506085169,0.00414270283726052,0.0139961700993332,0.0115185408436499,0.00726585336717058,0.0172670454014009,0.0150798283002267,0.0102414104921115,0.00476267461643063,0.0184751173228425,0.0185883665681554,0.0103769923158274,0.0227714227334277,0.0255521758357832,0.00556823301196944,0.00935071637698761,0.0227537753111213,0.00843146219884196,0.00391244004455813,0.0112579687784243,0.00365478442653503,0.0119559664213924,0.00254132884423456,0.0142472976086379,0.0127373127087173,0.00524889171586503,0.00493073773756923,0.0126387172435956,0.0152024487272971,0.0160857719289962,0.00596260391166463,0.00778589735145896,0.0208305598566661,0.0123151303575477,0.0171345755347942,0.00838146699106647,0.00712101786188759,0.0112959046906945,0.0121509838428223,0.0105192750772566,0.00444060095169629,0.00843306073199175,0.00549172238685175,0.00577154861748641,0.00911233896631877,0.00773531177242472,0.0153641947697112,0.00817824839383454,0.00297199652850281,0.0258557649350025,0.01878955590103,0.0175374288500471,0.00600927652512466,0.00969999349357107,0.00640450724054127,0.0102329930275666,0.00906569391954526,0.0074919887383844,0.00399259548886671,0.0122478882231987,0.0114279427373866,0.00379985130909967,0.0202018905721776,0.00685385492011699,0.0227036866160411,0.0206694478990823,0.0122362135546295,0.0152426180056302,0.0111955451514089,0.0224131436143991,0.016023714456978,0.00715595106727609,0.012463870022704,0.00819923110860821,0.00695067461045555,0.0188551728666881,0.0116924929710367,0.0216249704857296,0.00839993920746013,0.0091561383748935,0.00878086695248955,0.00649524617634719,0.00728665474119466,0.00755918504872183,0.00859945911364883,0.00974733584360295,0.0136905587103992,0.00505237739823781,0.014114766268329,0.00696993852992978,0.00797663667033026,0.00325845609783017,0.00700089515074185,0.00940435088204437,0.00483462750686386,0.0151279098240681,0.00386325926726344,0.00629604467157113,0.00277043804361253,0.0219801261333527,0.0140413599806259,0.00926619237730022,0.000830132951477602,0.016902708799597,0.00858103422722567,0.00577528074848551,0.0104433831662414,0.00806469769871363,0.0151107668640198,0.00837483788147384,0.0122306628575671,0.0183206229048229,0.00446305774062864,0.0127950549970018,0.0165726774685838,0.0147350169302696,0.00494891740762502,0.00888444301494022,0.0131834596751006,0.0167324472563334,0.014107315431141,0.0157887451903177,0.0176632155762679,0.00475490003938711,0.0166926987611876,0.00601697099907012,0.0141035391847021,0.00895354404242647,0.0041974519186212,0.00508486089060358,0.0186942015239149,0.0048279671277733,0.0115926496534786,0.00285350771284071,0.00773164014901973,0.0191422699831886,0.00854308223160918,0.0162435190627039,0.016028992062188,0.0141577763595145,0.0124490853710855,0.00840301533464285,0.0155056620723545,0.0122983285712415,0.00962344891944259,0.0160019256435409,0.0186428531413729,0.0146902046534167,0.00336303209448722,0.00846537492010582,0.0104776268604635,0.0202362595836073,0.0113204196991892,0.0109390503962463,0.00284621185325682,0.00983714438766816,0.00745144529090471,0.00630578575244478,0.00967602310356349,0.0105395183565063,0.012234867511186,0.00682248888680559,0.0107293350497523,0.0195752277390211,0.00820569663683379,0.00945791079452113,0.011273139828078,0.00720240321985181,0.00423665522987084,0.00675576769180954,0.0100296538621437,0.014965542892179,0.0127228101441034,0.0140934931818513,0.00426578743498912,0.0141819060923082,0.00424655043871369,0.0208177706339841,0.00787789996146415,0.00644147014410501,0.0082951556015188,0.00579592300493705,0.0157591264525079,0.0183608121195173,0.0249661296189175,0.0124004829679169,0.0174656551554264,0.00879051823531042,0.00970935403933913,0.00557357724661944,0.00926670658632132,0.0194825308896365,0.00690683066053695,0.00667236299160562,0.022533203170757,0.00494982130201027,0.0128996622965766,0.00801446814903898,0.0067091073979238,0.00803150889530102,0.0209281726468353,0.0075394623690355,0.00781553293502257,0.0109100526681281,0.00939098303310583,0.00366383059401887,0.0189054474384453,0.0111947507253417,0.00999548721247399,0.00484454665740027,0.012948805661412,0.0115805193824573,0.0174156550421253,0.00778446523706944,0.0134311029481892,0.0122358385368847,0.0173136057070088,0.00387252923157962,0.00834624441560794,0.0076530161163574,0.0106681793384852,0.00752368112837122,0.00192696339695196,0.00892998099867209,0.00858225269464385,0.00691390888672209,0.0192372745272233,0.0138190683688709,0.00690330598864897,0.00250609553849416,0.0154442433914354,0.00976273693975362,0.0165099024590306,0.0122262767628764,0.0119502416200087,0.00535386041823444,0.0182259136594229,0.00587077737566636,0.0144865477046031,0.0129639194742169,0.0188762387011972,0.00867657005041058,0.00972860550262672,0.0190574143262918,0.0108640190510702,0.0062002666828234,0.00995135904856235,0.00930394113622313,0.00612817008209369,0.00676836269540994,0.00790862940492948,0.00935037559967805,0.00335847379725657,0.0118550337884617,0.00589878240239585,0.010208628193504,0.0166125379034163,0.0155857675348511,0.0204311341328314,0.0214775751017836,0.0117842645223323,0.00263919953643353,0.00736082542185044,0.0148761806890705,0.0174263233808218,0.00887722784203841,0.0139547599685107,0.0128962291379829,0.00932690880951681,0.00726841682955122,0.014127204866134,0.00807493090453361,0.0116481730667432,0.00575023965117335,0.0274887197026103,0.0126687072664599,0.00199219895494229,0.0112399449620109,0.0107697312690377,0.00813864504142901,0.0178723954848637,0.0181230277343215,0.0178613971259729,0.0107536268783369,0.00598010148603258,0.0124457698391162,0.00677712569808679,0.00922962308495395,0.0134379083573113,0.0140777766938897,0.0236478992057227,0.00660895229289125,0.0162380891566008,0.00587296681555642,0.0108844651522581,0.00571013657263299,0.00870471359898463,0.00925916250565212,0.00780375680194647,0.0113390760185212,0.0192401483519802,0.0122929432644244,0.00667585624875759,0.00432084294214247,0.00891079828032339,0.0113833051639828,0.00871143210595647,0.00316147305031667,0.0041896085177179,0.00831376465317363,0.00420236511335,0.00857700352216269,0.0136917004537492,0.010935168631471,0.0126684635123058,0.00913126975898158,0.0135145573382979,0.0149283542901609,0.016177587131076,0.00707270258454788,0.00461800213577109,0.0126159176291478,0.00821398383751815,0.00930718603841243,0.0153032424424071,0.00485949651987612,0.00825169093684919,0.014348597061156,0.0220283811743314,0.00666787627369366,0.0130821055630956,0.0137673980047766,0.0100610866721513,0.0134328109604709,0.00502510761739306,0.0114718252027538,0.0063673334335864,0.0064633368148392,0.0104014153967708,0.0143445105178185,0.00585827329814237,0.00995011681470657,0.0129832592278688,0.0126537626529867,0.00667203822709406,0.00877142810237896,0.00802035279019011,0.00831382346496099,0.0123195779972755,0.00705712912954911,0.00772098357134247,0.017467065616634,0.00496909718257325,0.0101058482717905,0.0216048235075775,0.0105629160257701,0.017012355740539,0.01119821019728,0.017077635434887,0.0149379114779493,0.00807420499154112,0.00783182849263505,0.0094408159302213,0.0145872052684494,0.0108611778165431,0.0126541975089227,0.00816367757541179,0.0127656433573006,0.013079020710724,0.0169245185552474,0.00669730625161904,0.00773856601108488,0.00919410284410645,0.00743082302061941,0.0268619829415483,0.00974339468149584,0.0188287860660424,0.0121196790807141,0.00736485457595436,0.0241079523004984,0.00989282412919127,0.00882175895895652,0.010764781614871,0.00743343313301024,0.0165562531943579,0.0184021632353073,0.0246516143536081,0.00538487015893156,0.0163096546631741,0.0138671038174057,0.0149722900053439,0.00970610538751069,0.0072595651882386,0.0091883191248411,0.00370112540841111,0.00676005507903641,0.00733188649939972,0.0122525813311649,0.00328340843967225,0.00923086425292896,0.00780563018622058,0.00690913557544467,0.0099322066082288,0.015108764189961,0.00718015395331935,0.00975793528692378,0.0178029844305028,0.0150044715395505,0.0158217515154657,0.00765697338594471,0.010244009145587,0.00834541204786001,0.00371056694157943,0.00581734935068595,0.0083087846584096,0.00977209625988803,0.0283241386165234,0.00817650978774367,0.00804312386596653,0.00851545015850062,0.00619674522744314,0.00314752026994558,0.0113929933141954,0.0141506694339887,0.0154433314519259,0.0105203496849839,0.00519125055006159,0.0118779533621108,0.0155163501819791,0.0198306161785262,0.0125512678143754,0.0068923461429957,0.0209295415910005,0.00722246578533385,0.0173421261113425,0.0043964446993367,0.00973907856064651,0.00751679669673653,0.00797792189139829,0.01582397128349,0.0123792771163546,0.0174782795164506,0.00998137147983885,0.00221720876750768,0.0107963092491378,0.00564377415573754,0.0120153346404544,0.00796901953175594,0.00926165842536721,0.00827258576857276,0.0116493111406079,0.0167247731711138,0.00632969352120181,0.0127567298919343,0.00940626788124242,0.00758947605128783,0.00771681883077152,0.00334640730357407,0.0169799300302718,0.00781179333759628,0.00832417921351882,0.0103065610677058,0.00881380554365739,0.00809142186079367,0.0239182781346389,0.00640133068354557,0.00953580567671042,0.00862589963913616,0.00547513319798077,0.0215929598278553,0.0168762222848428,0.0115118852123414,0.00601077583713433,0.0075752279685263,0.00618821424210897,0.013617828346708,0.0137245772619164,0.00690279650145439,0.0145221881299338,0.0041909936051597,0.0153114622223315,0.00347626632938751,0.0094760572744579,0.00669483481309665,0.00718124018764166,0.00726925690020682,0.0203734782154901,0.00807743815741793,0.00768410716099997,0.00867665074962776,0.0128559734557396,0.00988001454022898,0.00992692877015237,0.00789178510330779,0.0178048808752988,0.00655179442237713,0.00558388555033622,0.00851806522527591,0.00917364420064557,0.0101192980629664,0.0124360789580735,0.00629658911875712,0.0177739907939276,0.0102064102665563,0.0073651196736728,0.0155819925653979,0.00746622783365895,0.0102965535432938,0.020654849842661,0.0103779986906843,0.0085636592444735,0.0086903855538538,0.0135376195818351,0.00961109986038202,0.00582790054945317,0.00618528270149684,0.00689051740997513,0.0163951336560656,0.00992524223115669,0.0094649837392205,0.00657397593396893,0.00877921228605202,0.00717390630163065,0.0232015541223342,0.014108455776616,0.01245111626062,0.0101937105280038,0.00548920276916004,0.010424428041036,0.00446125569331416,0.0191239063518699,0.00804390338746401,0.00584668590955745,0.0141221755809795,0.00447376406678142,0.0134702618573724,0.0045075458926917,0.0101854887871835,0.0222293663999583,0.0070677555138749,0.00470473667910785,0.00876168987658652,0.00912952281915756,0.00751752147700452,0.0093097116502513,0.0302389183771746,0.00272524390583005,0.00799167761368367,0.00334069482462633,0.0112569185048942,0.00663065449871615,0.00911854170479026,0.00771900057788819,0.0117700482767299,0.00481136880571078,0.0163151246135185,0.0121436044301363,0.0197498738199821,0.0115267978588703,0.00446537249625136,0.00640730616445068,0.0110882332171307,0.00876586640668522,0.0165064227574571,0.00556811627095575,0.00684920535547752,0.00900696278313005,0.00378815091429641,0.015528424761536,0.00955990839612281,0.0084159137559698,0.00743353735008325,0.00121437935810415,0.00648889059482425,0.00308648901844858,0.0109307160414544,0.0070250975267049,0.0287143650201999,0.0127663647474244,0.00781244211826598,0.0073828853283758,0.00846727239342539,0.017397451574879,0.0156717851167629,0.0280887985015825,0.00484472142113028,0.0163094528671524,0.0173246291064814,0.00613483719531973,0.00499219533886863,0.0118766120368776,0.00769332645707839,0.00602880293529621,0.0122645790408148,0.00742951643995628,0.0064541217473079,0.0200249502427397,0.00980613764303101,0.00626094695858405,0.00805240059594088,0.0203477631181928,0.013054979344369,0.00566240217882597,0.0118138682989628,0.00758633480822775,0.00734985374863693,0.00272967044900642,0.00597034214419852,0.00785567943465219,0.00993192531251548,0.00853081549056169,0.00837236511064338,0.0167958693545911,0.0121424437892622,0.01438178731633,0.0113669083351913,0.00590745324146167,0.00878223533268983,0.00570280865837297,0.0105763298305703,0.0146512896926487,0.0112124825015152,0.00757848920191773,0.00879617079334248,0.0171754611787725,0.00531949881252454,0.0149037375049014,0.0068228992234479,0.011539996739752,0.00694614012027759,0.012268962831478,0.0105113632389585,0.010206546694923,0.0117359506143455,0.0101913480724608,0.0230600479538275,0.0127119468076906,0.00602159264935985,0.00910491571333723,0.0171851516807897,0.00938935452810894,0.00664850153329794,0.00803496703329361,0.0113236969931536,0.00796093979041124,0.0132070756281429,0.0101367039685909,0.0158513700654247,0.0183881984005334,0.00591836267184855,0.00934327084305076,0.0048920857087576,0.0164592417237185,0.0197319722727757,0.0182994159597242,0.0137144777754661,0.0179518263563534,0.00660229715246424,0.00724864763185755,0.00821527330735096,0.0195018396833591,0.0137181445717536,0.0176047909419069,0.00610650139002409,0.0108533471041589,0.0100501128626603,0.00414523150111579,0.0163167237761051,0.0108494444051341,0.00641309422364994,0.00904126999495721,0.00510977356171828,0.00772183848032607,0.0096299220866944,0.00491791118565826,0.0110970444749222,0.009375318979015,0.006577102450121,0.00641316064226853,0.00545451970963999,0.0118431435658248,0.0115304167097493,0.00600967516314847,0.0123712364329859,0.0104209735134165,0.00307817405570465,0.00943741466163125,0.00984600342051245,0.0123904011175226,0.0170494046858551,0.00362986554266977,0.0031152688928733,0.0116366638209157,0.00698340984528523,0.0238438013447041,0.0044543029733646,0.00636193524540816,0.0120082128245989,0.0130806074580949,0.0122677767575539,0.011068580713761,0.011459503700874,0.0126143751020787,0.00675688947094372,0.00715088757760538,0.0104469737901058,0.0113712730876144,0.0152571771626027,0.0224397632842668,0.0104395193743725,0.0166595531886811,0.00970980344467315,0.0112716137847979,0.00390402641007174,0.00620402213096756,0.0093270257167151,0.00329446595946901,0.0130785508299017,0.0139855667737762,0.0189143503918293,0.00605955667528861,0.0188197042480836,0.0082719892340369,0.0132282579988335,0.00485755236738764,0.0129254191919737,0.00981772586177004,0.0156941862856331,0.0141392853769332,0.00936232908979118,0.00480036426024336,0.0166511112844444,0.00927577838300113,0.0134830317327777,0.0132640438256983,0.00830942762239223,0.0106763784626318,0.00387976426366413,0.00619344811009711,0.0101377387188981,0.00703050605869489,0.0088889120594372,0.00931742768270044,0.00983555609169157,0.00373138833438987,0.00911681690984445,0.00714969662361146,0.0176991504165076,0.0052411440421725,0.0172649487896819,0.00654848072650519,0.00460017761362995,0.0197874305825905,0.00766044572153424,0.0204299544454376,0.00772979463072017,0.008668473456195,0.0116378772224275,0.00951152905649296,0.0173249841842476,0.0113619112383358,0.0166670481464367,0.0101322502227881,0.0073371324974873,0.0155669118005488,0.0186043014749082,0.00439359161924811,0.00546503214889982,0.0161840747981654,0.00636944729381058,0.0139759774630571,0.0146735989184014,0.0123758038966005,0.0105221588723063,0.0117434775656991,0.00367143361198317,0.0166765091408667,0.0102613087413463,0.00451116977104526,0.00381958184459382,0.0156420426189163,0.00697695017041189,0.0149767527528615,0.00410287560258536,0.00772077211325813,0.0100329639381412,0.012702425281969,0.0253119710394303,0.00529128160115255,0.00816149298078032,0.0089747236509411,0.00792490138388093,0.0212236480228087,0.0113316976601061,0.01109400706522,0.00650535448558605,0.0117936356878444,0.00716957926755992,0.00645940997451479,0.0109087038434423,0.0172707465936281,0.0185694551270736,0.00776394897162935,0.0104161076003616,0.0107431326435022,0.00551387617866755,0.00756016790134837,0.00296836795969531,0.0192602236129579,0.0149627183526144,0.0127266952009706,0.0240674117586278,0.00875870878137282,0.00773936393635629,0.021213062298362,0.0115890231031694,0.00952958725203201,0.00514637349491602,0.00611681665271711,0.0108356268395009,0.00767087283782299,0.00553343154894925,0.012911338185595,0.0117724455469503,0.0150837377865777,0.024363700033033,0.0118453722129185,0.0169030634463592,0.00835289836692819,0.00861849304636867,0.0080447818841257,0.00974471290291644,0.0126300403897329,0.0051238277047048,0.0130502308564506,0.00769857693964132,0.00780089386405704,0.0102287614856507,0.0203123831900415,0.0207158239204878,0.00884446971954393,0.00935751188526544,0.0149439416228043,0.0135865234222157,0.015030313736426,0.0204513493875843,0.00570849374209257,0.016254446680602,0.00697536947079404,0.0227628255498944,0.0179384332411536,0.00577159314431954,0.0160970296740643,0.00532011234758389,0.00685710184160623,0.0180012863208409,0.00317378263118404,0.00618214164236075,0.0144390558856878,0.00920818481788432,0.0138547536964941,0.0124840675996227,0.0191450936712413,0.0111549315219501,0.00522377580453295,0.015470282920739,0.00523116427017117,0.0166563921207369,0.0216715174433762,0.0169049913180513,0.0125827801739938,0.00721111944722772,0.0197061522291549,0.0137497022484392,0.0120681356067932,0.00555716259928683,0.0115599068666976,0.007022350476177,0.00752040009187814,0.0209177329727433,0.0100452690239635,0.00654199684169386,0.00701715892461665,0.00877564911630733,0.0100915399703131,0.0175255139163014,0.0091722432837091,0.00591039626046358,0.016592838068663,0.0188346697562376,0.0154659845693851,0.00869119936775612,0.0161961085150082,0.00815889916483048,0.0184133129050265,0.0190136425231512,0.0122680402983654,0.00354636154906531,0.0141337366639643,0.00511654771176218,0.00935772714035281,0.00808406366733712,0.0119212752445615,0.0218599744971587,0.00883915248881316,0.0127038057541601,0.0110646688397955,0.00739081032679412,0.0115742259683903,0.0092864418206454,0.00820214658655805,0.0137209735737154,0.00817234141797431,0.0105795889620796,0.0127819436006186,0.00985596650163223,0.00798165515376868,0.0143720653225084,0.0112856350925362,0.00941653735781491,0.0103268555000325,0.0183433463299425,0.0159757630833008,0.0148858105326336,0.00712819978773542,0.0133521323395729,0.00804623243011693,0.0170329300113511,0.00740687004702843,0.00754361298647098,0.00379235271248461,0.0111452773480505,0.0119234423373166,0.0138357971644926,0.00914470038388073,0.0119468023310012,0.0101131693721888,0.0143014765371471,0.00848967953361644,0.00937122483260638,0.0094252697732828,0.0205726569015244,0.00991856640157376,0.01066584267395,0.0130704503263032,0.0196506318476215,0.00582204303706628,0.0107735112937092,0.00673891206770731,0.0123906022715869,0.0109318606286587,0.00984308650157897,0.0153232496126944,0.00561762230716314,0.0114166682248357,0.0142928289458246,0.00963967275346609,0.0123498778282149,0.0117231341703581,0.00277681672445353,0.0138885114956122,0.0258076593154344,0.0166681363703972,0.0119909205105835,0.00748462450834915,0.00931667765319346,0.00881405607795198,0.0117146039989785,0.00669041635132717,0.0147132315282307,0.0252398963909499,0.00734545728453976,0.019333699738481,0.0120664168587226,0.0175222793115097,0.0070856432380245,0.0100683038920969,0.0257901426266561,0.0237249630357943,0.0088299996133408,0.0105452430668453,0.00757327752055215,0.00624454605769172,0.0110403423225591,0.00675457334807235,0.00852747359895421,0.0159132187680076,0.00402770189877412,0.00842443298066849,0.00292192665511868,0.00675025888293401,0.014709165000088,0.0105296723572854,0.00736489320838059,0.013016629157436,0.0113913334523097,0.00940709857541997,0.0186665659870416,0.0195547602919127,0.0115573093439584,0.0106456832437848,0.00634327637794574,0.0118202433200125,0.0191927661639113,0.0121520816148669,0.00548940302241587,0.00823269795557372,0.00774712519652001,0.00919725843107067,0.0051062226787099,0.00556911775201171,0.00503120262762489,0.00728099299415532,0.0169091614310991,0.00683926106737728,0.0234517390429303,0.0137541783754039,0.00992167382260171,0.0162584306976313,0.00758963109062564,0.0118860675283713,0.00336469182376546,0.01425990622781,0.00593884187085481,0.0176980715390762,0.019769268751957,0.0083821545762998,0.015069429328724,0.0130085149347584,0.00726782510606157,0.00856208428731142,0.0148299421799771,0.0112733624204187,0.00440964337935105,0.0113505561421728,0.0164870826407669,0.014442768878527,0.00978068036724605,0.00501582291596984,0.00391573326283249,0.00500495726852834,0.00565472610762698,0.00562679361435077,0.00938793876281724,0.00529760546876856,0.00352861395961562,0.00972530821155917,0.00430258768548736,0.0200063131377214,0.0108122267118965,0.00360954107637264,0.0136385892164161,0.00691349336731541,0.00387737600809005,0.0115848618595413,0.0052202677087275,0.00955143524908506,0.0107229394000251,0.00934113037625062,0.0142239566063466,0.00651944560554317,0.0077686094736288,0.0090609395123938,0.0154516890965311,0.0154428960892174,0.00418725214554892,0.0082670858060616,0.00210749238454235,0.00745985033525215,0.01395024766725,0.0052826490245268,0.0143769366943864,0.00760177307663756,0.00864813759902668,0.0117939256859718,0.00560938382475449,0.0125945852048105,0.0126360774849273,0.00522162664691931,0.00668701865155539,0.00688151683375461,0.00858388216644153,0.00738326643143206,0.00919802202683199,0.0077621787209878,0.0142981241612389,0.0110610644293339,0.00735169166941026,0.0210678865376966,0.0168571866232953,0.00924472281949668,0.0222204351908423,0.015345572716159,0.00882949483761051,0.0180086371615969,0.0104759500511298,0.0218988128758135,0.00790539768784965,0.00706533982586344,0.0145014692746275,0.0148002602797964,0.0161053754333675,0.0106609690896218,0.0196515344868607,0.00544817014454481,0.0105498834806205,0.00776971623781355,0.0104955632174228,0.0134779421634045,0.00994466207977407,0.00858730106412869,0.0198222822513621,0.0119362898979383,0.0122547456578517,0.0038149224981189,0.00200401867405975,0.0138124806131878,0.00936821763113525,0.0109910979318413,0.00561138019576346,0.0113013554153589,0.0136397746961304,0.0164717438695182,0.0242038548892614,0.00809713772110432,0.00804208548395239,0.0165012269781821,0.0205857509312519,0.014384695043864,0.0093425597638625,0.00692593009413126,0.0114920943546904,0.0047740878490784,0.0148265515504213,0.0193089019216632,0.0068888769100679,0.0120184595425687,0.012457152289101,0.017898754714577,0.0121176604057402,0.00568205622648999,0.0133570158386378,0.0104596040361791,0.0251155774527583,0.00735030045453531,0.00986668655745536,0.0210587192485736,0.00183774686878774,0.0107091133323576,0.00776091950953338,0.0103498035507824,0.0106220065699009,0.012199400228232,0.00849387546492658,0.0109209460491798,0.00331850276309779,0.0112746776880619,0.0106816315610812,0.00555945078009645,0.00837774073334319,0.00742745985148302,0.00896060550447886,0.0111776513093088,0.00855967053856223,0.0104551965252085,0.0243873125994286,0.00702671666592275,0.00449182239479421,0.0117770498973037,0.0108796144473064,0.00821516634515059,0.00393387557058692,0.00286538669606965,0.00860247585787771,0.0140179788358997,0.0152903440021227,0.0103786499559833,0.0147302395967299,0.00431713995303664,0.0127584591486395,0.013254570894586,0.00796826147118379,0.00687314492600177,0.00623043798168386,0.0207878702040047,0.00750158363043872,0.0097773479867637,0.015056607457582,0.00897825872349781,0.00941176276137712,0.0139116926747065,0.0114838545973353,0.0117320313859625,0.0174801842188592,0.0119782976136435,0.00814106971557795,0.0124007499964232,0.014443218444641,0.00604204278964887,0.00792272167813374,0.0137464358331287,0.00994708398152827,0.0132228233766038,0.0116836118251657,0.0162458784277441,0.0058053467659483,0.0096406205877246,0.00989800713429521,0.00289125874221883,0.0145628994407871,0.00975796914840671,0.00577155251171541,0.0154474142417612,0.0052112411586551,0.00481105805301494,0.00755334477822533,0.0120344880759365,0.0121630746438754,0.0140424650051201,0.0099298599828917,0.00391069075457236,0.00496553281804043,0.0107481887994804,0.0121350211749117,0.0258174282646958,0.0177760796748157,0.0175890566273164,0.00831088114545244,0.00742425580076999,0.0108323369418096,0.0102120155233385,0.012847360432891,0.0178229714363659,0.0034171144644124,0.0173071221840929,0.0026124647452563,0.00655155735867689,0.00825881816568177,0.0185191132172806,0.0179250412992752,0.00929933663195372,0.00575235996594377,0.00945743896984151,0.017571939731677,0.0134081789937849,0.00891042489940611,0.00677357038315107,0.0175454313518845,0.0100753860797215,0.0137759277744275,0.0106808385769259,0.00633602603725383,0.0201736718572234,0.0103080994134995,0.00804808157288476,0.0132069091364223,0.0062056964330201,0.00227683298328141,0.00847190896865073,0.0100041647583506,0.00577274845509577,0.00175429644899729,0.00920388111509222,0.00685835307755082,0.00583215513805826,0.00713185172446696,0.00657242847619079,0.00881439793483219,0.00608845088928885,0.0136451455260404,0.00851393428134384,0.0160195954082301,0.00532739805393615,0.0168511586340842,0.00834532061742323,0.00291304537486573,0.0104081712541355,0.0305220003640371,0.00646100940866416,0.0082125453690837,0.00997753040557925,0.0175979778837004,0.0142966146667436,0.00523207895203574,0.0124032536960524,0.00606096471073664,0.00549768588922012,0.0102808579453007,0.0199406380523237,0.0117556467413091,0.0171005799478229,0.00914743001182587,0.0159450116122087,0.0183944004793267,0.00616967576923696,0.00514432703242264,0.011969754085323,0.00608533514812679,0.0124848797020264,0.00409428912615273,0.0108687361106512,0.0146017018319204,0.00944963192683742,0.0155194287124316,0.0114338998097593,0.00444168433034237,0.00996930129730811,0.0135752624701033,0.00681648585664838,0.0100428330609839,0.0122541581120079,0.0105442443217534,0.00446095292921979,0.0152677253919254,0.00897156771579612,0.0183673688428859,0.00678746011253848,0.0206334414001264,0.0185503779456635,0.00669195034563256,0.0138683097736536,0.00825537724209922,0.0122135097416636,0.01439532475047,0.0202978767506188,0.0119996419988292,0.0140337517023661,0.00537718887339798,0.00767190771221107,0.0122980630000083,0.0142875019120007,0.00610131281736208,0.0115637691834201,0.00683472715760619,0.00657684634866046,0.00946436186162127,0.0148344143318622,0.015643727272687,0.0217885117154887,0.00754067220815347,0.010779345779145,0.00599841096917514,0.00934613262449056,0.0166563730552471,0.00734762774822563,0.00873195762394652,0.00503079520189955,0.0119417349108222,0.0134425582867065,0.00977250973992113,0.0115924872902243,0.00764201867598546,0.0190348444156213,0.0115410448310129,0.0103386605520061,0.0120515518737372,0.00775278760566521,0.0072394581143578,0.00752946972657834,0.00787251691182937,0.0066240793109484,0.0103522491318706,0.0148024646562818,0.0211566491701601,0.00369740860895884,0.012604963582513,0.00437022266509313,0.00706656554078095,0.00519120475438648,0.0116475327501976,0.00857859060557314,0.00660834929096107,0.0138665444130045,0.0130091789094125,0.0270140415841069,0.00461504103842745,0.0175116490532155,0.0130567087170693,0.0110949247474737,0.00665509420509517,0.0279549343492832,0.0132645633464574,0.0172280775561732,0.0100651707656846,0.00311977463565993,0.00869506265594746,0.00936283728660762,0.0122461014911756,0.00937233154631993,0.0160496136412424,0.00854361995610151,0.0104750557628759,0.00748539412998041,0.0174977739766851,0.00773199784323547,0.0107910028975197,0.00967429330016216,0.00690804877637848,0.0124871519048655,0.0158278627162656,0.0143991095709467,0.0202033008203208,0.0207319614860465,0.00913849194981807,0.00872347853905631,0.00571773744970949,0.0125841645095287,0.0096043261895432,0.00384735954741033,0.0110629015908141,0.0132597424431438,0.00822432302753401,0.0047392668473892,0.00470509084339878,0.0109883787596504,0.00732399749712226,0.00547182134608593,0.0104583906726164,0.013254560434245,0.0114350545302949,0.0136079415040931,0.0174680946719235,0.00540058341014821,0.0154054485409456,0.00863994834930304,0.0117200773613162,0.00336331048707185,0.00673798539220453,0.0178086394097236,0.00343037704214879,0.00690262495473896,0.0101194571268827,0.00487730931144986,0.0203364614330974,0.0194211632850933,0.0225859232595462,0.0111704410624796,0.0261215123587524,0.00529491967817168,0.0123132068446529,0.00984782663620123,0.0113843356325978,0.0105448905594327,0.00997130939134895,0.0164371907006023,0.0150659048650673,0.0125100844099154,0.00854712513085315,0.00520301275934713,0.0250570271236823,0.00708641529698737,0.0201984511854714,0.015439064649459,0.014701428733154,0.0150209741506431,0.0078576796449115,0.0255151647484558,0.0125316626109737,0.00876036941053904,0.0141891996507794,0.010429937772762,0.00977022182070606,0.0056970611937607,0.00902485794958866,0.00842635592911402,0.00675568208537789,0.0175294520081884,0.00241269915022604,0.00530134284613654,0.00528379068604756,0.0187628683708326,0.0135846384409666,0.0185361233665216,0.00804453131869034,0.00610597886508724,0.00467214536559539,0.00982872081784754,0.032661822281356,0.00831456042479578,0.00990955202918302,0.0154938071449404,0.0117359164187879,0.00579019859034213,0.00991186203971256,0.0143870279801591,0.0147882423509854,0.0174724991795006,0.0124908979931697,0.00896572940508467,0.0132899055394163,0.00653186175679475,0.0116472936182198,0.0135499659141423,0.00588518068363268,0.0127140946761734,0.0102750421459082,0.00696364939620477,0.0156939307448057,0.0107098062444253,0.00631223196625376,0.0157034932403346,0.0161418401169717,0.00450113563958524,0.0154944920186201,0.0145435759943969,0.010008212343116,0.0220529998746627,0.00625347157226284,0.00731673698804639,0.0095008841208154,0.0110203783266409,0.0134985400183356,0.0138842269008356,0.0139294391039502,0.00851704846368415,0.0133212164370205,0.022257283095765,0.00652841381509017,0.00874228398305132,0.00616803294270074,0.015794618266807,0.0170328266931042,0.0125307907088763,0.0133790345510163,0.00473981209779254,0.00663372740604063,0.00603291871101406,0.00605764128322815,0.0126348982880026,0.00545677710830528,0.0094474691496723,0.0124177581506159,0.0114590438960339,0.00900922062815542,0.0118556543321493,0.0100687742053046,0.00919215888901515,0.0146260070725177,0.0155924857356299,0.0160504562585072,0.00848990306334444,0.0100228976159026,0.00766967849535083,0.0156881480680111,0.0088885590529519,0.0124462976464177,0.00671786166754325,0.0138830391994711,0.00930740952053253,0.0108615729768922,0.0055211737465705,0.00729644792645904,0.0116804350461825,0.0164826698759676,0.003963024420998,0.0123715010127661,0.0164071226981682,0.0102511619308682,0.00874588004885174,0.00722363114954881,0.0102696865193723,0.0107812199265417,0.00845384207495907,0.0141228794660481,0.0120601979619872,0.0110315460005765,0.00571810013649023,0.0151300303965362,0.0207159482940069,0.00676377998310557,0.0094460605940049,0.00691534902479303,0.00764262538247464,0.015171886920697,0.0108629471576854,0.00773803052195143,0.0171656843187567,0.00622305937822567,0.0154438478776952,0.0128229370826059,0.00756219608111787,0.00614438894821031,0.0144966866240713,0.0037459961873104,0.0142377279031194,0.0138948728342511,0.0111354941760685,0.00762101449785539,0.00834340305681576,0.00821445967380665,0.00844075592774644,0.00288798361579904,0.00604110476305016,0.00849603941159827,0.008258125091357,0.00551853484252413,0.0182925072849125,0.0118911677445443,0.0171255810404389,0.00922811227311889,0.0101954805674576,0.0144642909510526,0.0114013237813598,0.0126828523500859,0.0141475036314832,0.0223700501571577,0.00501387331210581,0.0163158114016917,0.0125622200051683,0.00738372826708711,0.00584195142094799,0.0115423997267706,0.0102431841260467,0.0083501498771626,0.00245371508105415,0.0026829330659819,0.0123550173026262,0.002129271481256,0.0127259382041089,0.00946643499297138,0.011695088829363,0.00709320956600258,0.00714919236344236,0.00996891667099905,0.0051634382698005,0.0116431415349191,0.00180429525441841,0.00830252693190266,0.0132499794021955,0.0175025664363924,0.0143818203622038,0.00865343199563025,0.012960389636531,0.00517813633319358,0.00493080436783868,0.00657684739518512,0.0050441988473597,0.00290426015954071,0.00894187162617146,0.0150769601783459,0.013042841380807,0.00698622256210472,0.00351753780395544,0.00558287202488639,0.0137049317608451,0.01052951128673,0.00572622898601706,0.00501509664322064,0.0147444874760626,0.0168539896632974,0.0199976213208834,0.0166737213350304,0.0104321905976836,0.00590042578591493,0.00595591571635098,0.0103245293794899,0.00849011065912199,0.00683584800525019,0.0066499425623804,0.0043142331572214,0.014133443942866,0.00822820663878249,0.0157225044419043,0.00900748411774532,0.00793209204577083,0.0169354578406269,0.0118042436666237,0.0118076923700057,0.00402614966022929,0.0068242839954691,0.0101163675902619,0.0109499968617056,0.010770425733234,0.00342012652018823,0.00775307328431513,0.00950253862629523,0.0192091656064246,0.0160712220519847,0.00857057960418815,0.00892821886821382,0.0132301485828186,0.00961688314105554,0.00571013955242962,0.0141365410455034,0.00904525866083404,0.00748396544624208,0.00890246211679546,0.012551267527384,0.019672179580619,0.0156635506621919,0.0138008843349185,0.0210564891694538,0.00734762872679301,0.00846873751051169,0.017222971519117,0.00916322432906315,0.0134499568248435,0.00825859345684884,0.00720966521193857,0.0186582907138859,0.00553651729508547,0.0107962285137378,0.0169334176014015,0.00723723144202676,0.00472297248908417,0.00811319883478121,0.00902589804633027,0.0077714042659846,0.00555155662781374,0.0220607508961719,0.00577356289320077,0.0178092823731575,0.0183705464864886,0.00394115548746806,0.00685309690512578,0.0137096845335017,0.0113598429125908,0.0102830501817306,0.00799672555886521,0.0104712833344539,0.011279511681966,0.0112278004350013,0.00719927564184997,0.0202730037036263,0.0109539040724275,0.0233956733120836,0.00453569440538456,0.00659100870156432,0.0187129381394354,0.0176019891225544,0.00805986572314021,0.00618276146369218,0.00773334942291158,0.0107742520889871,0.00773608323103236,0.00366423169096954,0.0219339303496617,0.0131446615270182,0.00354249984848085,0.020004056883829,0.0140655841939727,0.00959031831900483,0.00710998333900546,0.0105470824691301,0.0123459142781978,0.0148905891816504,0.0144731663307167,0.00850990563153553,0.00393119686007248,0.0144566754508516,0.00808278641196064,0.00553985321976591,0.0147594248400317,0.00889217959376162,0.0215915172057069,0.0078667540877766,0.00691752106537832,0.00994307086271401,0.0153784367383174,0.00828100151117567,0.0105367089936558,0.00629858166573359,0.016034133257407,0.0118269056333459,0.00359541069519083,0.00490585993844495,0.0175845651991853,0.00877185285280704,0.0162152490733678,0.00478006498502507,0.00993200734297731,0.00295587898571246,0.0193608855744501,0.00409330541346111,0.00967324929095772,0.0128128600306651,0.0121001158528928,0.00733202517244906,0.015418210980635,0.0143902774882209,0.0062610493829985,0.00345535735869577,0.00595889179824214,0.0271600431903746,0.0125880120552062,0.011892157967672,0.0120533401588288,0.0188120015461305,0.00606909946759648,0.0039518398188738,0.00550580313326258,0.00887954669591567,0.0172487832092322,0.00799685469274373,0.0194157785412808,0.00984580194886457,0.0083150151712408,0.0116020249951134,0.0138126065993431,0.00766688196628059,0.00653109620107304,0.00668569782092428,0.0187294199065532,0.0107601977823718,0.00924716033964142,0.00691371636759493,0.0099565761492081,0.00751464249185474,0.0049126450201496,0.0155264961557305,0.0170619966250539,0.015190454231953,0.00987860484464169,0.00677785024658236,0.00452036446602594,0.0162184890353159,0.00699743957567647,0.0177546538684987,0.00814654192131849,0.0140461710878315,0.0147556584796292,0.00941518990723826,0.00837060627245416,0.00522731988849671,0.020713311463575,0.0136592710114516,0.0193540914337793,0.0174706990442646,0.00392690226946598,0.0135132319339102,0.0119840552345118,0.0177882581578056,0.00784044563728311,0.0210486610937081,0.0111652646501083,0.00900112738721894,0.0124714405187613,0.0110779847423157,0.0145904974137979,0.0042692748563139,0.0162647248596977,0.00509462218537898,0.00385079010468588,0.0105616995227025,0.00689822177377284,0.0206732903617891,0.0117821387967976,0.00947575869206829,0.0102260637683146,0.0244898703366958,0.00923537371353822,0.0173831690796247,0.0161871119238832,0.0104228331386508,0.00712411468190135,0.00953175660937058,0.00710560118329481,0.0121089413761601,0.00829619541633198,0.00666544599879676,0.00676080707607711,0.0106701248632155,0.00955955166176405,0.00898648054325098,0.00638567581590273,0.0149034545362038,0.0167113170972975,0.0121842312187994,0.0124010113384293,0.011146442656876,0.00356738310489505,0.0121446353067335,0.012199326606497,0.0121507854906689,0.00513383431352889,0.0117103634554868,0.0156764180444417,0.00565203427669901,0.00918713617202246,0.00870597816339389,0.0169334062276515,0.00826121029063318,0.0119015594621057,0.00735498925180974,0.0133445181134691,0.013013896541567,0.00302496229652564,0.0070458096259961,0.00915490146010535,0.00872452668482785,0.0076238117783512,0.00984152581605384,0.0118255957403157,0.0163498402041231,0.00568557258141417,0.0113625378025597,0.00696406540885662,0.010473756792615,0.0143931117058234,0.00735255846258276,0.0103033409259828,0.0121626400552603,0.00933729695001848,0.0181639119094558,0.00426277404928734,0.00629591301912643,0.0138782822171637,0.0128262938538166,0.00963828547598789,0.00569508395709624,0.0156865811267608,0.00620129941548153,0.0125014875178131,0.0164936327924014,0.0111129560454657,0.0200895461139071,0.00930674544039701,0.00822621973348339,0.0021434312566241,0.00730088535345297,0.015740381041954,0.0167955743814416,0.00989580599834589,0.0103782735542939,0.00639552137253944,0.0264819883101757,0.00659686076581001,0.0168506824910299,0.0097223765084085,0.0124922496617957,0.0129295258327439,0.00953026602529257,0.0172810396506459,0.011861119422246,0.005844103590074,0.00795064828344544,0.0144213585837268,0.00752271492868721,0.0127994358217727,0.00703751967067247,0.0104843645631795,0.00760766915816299,0.0150364202344614,0.00868165863859288,0.0112110042567523,0.00721755392686624,0.0236852018914584,0.00756415327352381,0.00916651312934952,0.0130791236909653,0.00884727397981762,0.0183185114435258,0.0202081176529025,0.01430374872012,0.0109476792855415,0.00979274214242338,0.0125025731621088,0.00917558437089013,0.00790910708328715,0.00594799274393755,0.0159755875968476,0.0125602730654697,0.00591151598768269,0.00957637264142349,0.0069540632593203,0.0169769429910224,0.00758702247860799,0.0084870453865387,0.00796611468494742,0.0216159195565301,0.0106059228204337,0.0068549807935573,0.0135903024600694,0.0165355137497786,0.00467343021734971,0.00882357616395948,0.00865923950367875,0.0141568140497391,0.00693931305095994,0.00548693986299623,0.00956189177139218,0.0123469679859661,0.012572481349833,0.0124380954457061,0.0112116554650862,0.0150397604052527,0.00795964100303589,0.00948015367507654,0.0232207800317742,0.00769348353777832,0.0125539942176341,0.00698222882009854,0.0105101151344911,0.0151859497480508,0.00556348529497345,0.00737669897333452,0.00699828839498292,0.00974919107417381,0.00356580810784958,0.00623036173686052,0.00797216750343329,0.0052350391830468,0.0140333629569525,0.00987046314269067,0.0145459094422322,0.0154059759820378,0.00652003395413549,0.00572980736418151,0.00905242368642171,0.0125465335520166,0.0137712590027979,0.0189765869467402,0.0051740220239497,0.015753686123368,0.011488335575624,0.0108785267471085,0.00281982712132996,0.0145335386586113,0.0144740218132715,0.00686355413521056,0.0155856884106261,0.00901648715879501,0.00855844908528449,0.0133047024579537,0.00599972268268606,0.00777831706288288,0.0076783855075333,0.0135726859609762,0.0144782661115241,0.011061722312933,0.00174919407684467,0.00904072970033465,0.00737814807910308,0.0174536955697443,0.00788520058777452,0.0209311475168669,0.0136245984065376,0.0126822656285521,0.00573057405495299,0.00921902922447979,0.00654018547337872,0.0163187429714798,0.0172102187476816,0.0137299566147142,0.0128981752010277,0.00695005930794838,0.00865492329527999,0.00550809256597725,0.0157866666590635,0.00833931356119635,0.00967893477197892,0.0141274663663381,0.0195246871956801,0.00601498368882653,0.00470307862815048,0.00575501973862238,0.0110503173438662,0.0117939143998291,0.0168952407259917,0.0102872506572161,0.00542022860615854,0.0106519517912804,0.00929039140676874,0.0183223277173062,0.00863263012229767,0.00549659327247465,0.00635658229786062,0.0127641269716186,0.0094230184140817,0.00617976834463244,0.00918920663734829,0.0255534951207842,0.00609863201121395,0.00739016762745901,0.0145402046945157,0.00803100149440208,0.016323446828361,0.00677276009190536,0.0173017966142243,0.00955962113976218,0.0049463506424259,0.00889477219094239,0.0118347308697465,0.0130520292319873,0.0104832857803049,0.00616423193219956,0.014882691418194,0.00972086991090041,0.014305546240276,0.00738019422765218,0.0123752564103079,0.0224111667457744,0.00564486708285864,0.0143249509831162,0.0117223363169418,0.0139841206681128,0.015505912642251,0.00752375282595634,0.0201372011283571,0.0107758272339862,0.00419610947713311,0.0109009948342603,0.00540219114320784,0.0189615723052369,0.013431875344469,0.0138264770458176,0.00965595296485676,0.0168929275462466,0.00794441849883259,0.0128452418220868,0.0130647377192391,0.00498598917196326,0.0185978545399765,0.018165230224511,0.00721898548675494,0.0203516751974013,0.0203357248966466,0.00718029362176851,0.00882957449532488,0.00502321356902855,0.0140923618854041,0.00382015244981861,0.0112294771501859,0.00696707684333377,0.00835540957364831,0.00778263548258125,0.010569768534623,0.00770852235500622,0.018292901758237,0.0107036203189906,0.0188164449954837,0.00615489384579437,0.0128660625083131,0.0123156389030188,0.0110159503734226,0.0147148630671929,0.0169453774198738,0.0130053494833219,0.0100428543707725,0.00880682629978828,0.0101248475459016,0.00852080707635333,0.0151452815295266,0.00413176177994851,0.00768637113693986,0.0156660222939591,0.00752112021922611,0.0151955710128638,0.0204456362663346,0.0109313329712999,0.00927674766613601,0.0118880508437536,0.00469539969312301,0.00376926155680588,0.0201546924213621,0.0105119749924874,0.00996452674137945,0.00752050201037121,0.00548891589916138,0.00663849956605433,0.00923911414262631,0.00808486790315704,0.00805599742349557,0.00864880833290327,0.0165396594135548,0.0109670246390365,0.0136439993687278,0.00780376894741162,0.013326706307697,0.00715011905331183,0.017489271664388,0.00456600519798191,0.0152653873348763,0.00686313290138339,0.0220788955067127,0.00290724703747789,0.00998303512752491,0.00947473768537477,0.0067182732517837,0.00695049904989984,0.00734933679241317,0.00946217603111723,0.0143548493485396,0.0136018528289797,0.00747007099656296,0.0197664096417509,0.0177716811605773,0.0141018435707499,0.00868505576997975,0.0206357330560133,0.0060747037528324,0.0072846812293154,0.00234267171654786,0.00526539429127687,0.00710831380387905,0.00952327066369744,0.011360610331008,0.00732499958826349,0.0229171676769482,0.0052082852174834,0.0194330690746353,0.01671791899988,0.00671515799482283,0.00609548647375872,0.0162578172815695,0.0193694406339848,0.0139284809449267,0.00841736874452431,0.00629836459962522,0.00882840873066789,0.0047485138769038,0.00723666507110295,0.00579384812056248,0.0101054104037881,0.00704047915513227,0.0126243574141901,0.00775048753559373,0.0257406364084821,0.0080700631149724,0.00831165337172287,0.00315466337613092,0.0116160649193173,0.0102857248840347,0.0144371251835049,0.0135182529583154,0.00828439701138341,0.00848002510620018,0.00789410762838588,0.0305291583390846,0.00451840587173369,0.00812258999639563,0.00705001954959076,0.00355140864627816,0.0160774934451665,0.00752358778496326,0.0116653502077136,0.0119962494330645,0.014134711037747,0.00859364004048182,0.0101936979634326,0.00549901381399226,0.00651105385700462,0.00305122502394771,0.00453947499319836,0.00947523521844568,0.00411489833965554,0.00714867970282629,0.0112759576964936,0.00484558386423106,0.0113678231075835,0.0160651428046055,0.0128992977390457,0.0165772053056227,0.0147131075752353,0.0143251059193042,0.00564096570322977,0.00557827348100572,0.0133173387999174,0.0125830652618663,0.00570770257884555,0.00947098753050306,0.0109875376437076,0.0164418966502416,0.0111940388604995,0.0321883241931036,0.00530861780306761,0.0165175302240291,0.0113671838937938,0.00424192293762454,0.014308311358179,0.0117072330007257,0.0116235375592993,0.00889105036774566,0.00673845488629884,0.0115082469766059,0.0135400704823362,0.0153106301686068,0.00707345070120019,0.0131493101337487,0.0105992961461141,0.00353049684696385,0.0114135298728965,0.00841743849298539,0.0140686337752401,0.00384715269476517,0.00968723940373963,0.00595073009368306,0.0121180655898553,0.0099851927275549,0.00774460135811646,0.0193551486800985,0.00929043572819649,0.0146166426473256,0.00975466155610994,0.0147409452685326,0.0131965229077141,0.00681581266365492,0.017806964278488,0.00668991559159652,0.00407966128781532,0.0104405910791634,0.0114193664609611,0.00980498001879963,0.0104594049962254,0.005458805303223,0.00767105774256871,0.0108226398878326,0.0101458153468739,0.009987081488838,0.00752986410094943,0.0112402083659436,0.00770794204605026,0.0047338444941347,0.00714647269583219,0.0178942621155856,0.0110540533730235,0.0111675905786448,0.00542543588271693,0.00621719281164968,0.0123746658761924,0.00599205003380486,0.0243166651882697,0.0157860633034672,0.00904042654600423,0.0125246307036854,0.00710298632488854,0.00658094835357951,0.00838049706334056,0.00764584146453573,0.00528290316818777,0.0142944720638791,0.0159750066600377,0.0227703361096326,0.00508392541421859,0.0109823021395774,0.0166122156664784,0.0122958875638483,0.00692774457068707,0.01360041318431,0.0105534431910428,0.00849843797675115,0.00659883077279239,0.00615470078715987,0.0121937320664743,0.014020058332367,0.0105457216553673,0.0109171962299556,0.00917724465115096,0.0107863772154673,0.00785270969160055,0.0146641756287415,0.00424549634414956,0.00460362892484447,0.0114316938959635,0.0295343162921493,0.0114145577077201,0.0154612986801383,0.0091113656922394,0.014940790494838,0.00905113391319429,0.0195235895176431,0.013026345895713,0.0140869463805059,0.00893038906038165,0.00480138413295978,0.013671035833218,0.0140700037199119,0.00804140745956561,0.0136414713511059,0.00883863488818267,0.0182619551826212,0.0132077341016295,0.00825750431030862,0.007342437406964,0.00681948534464201,0.00826265832288189,0.0120886578729462,0.00775708175604036,0.0111567883936169,0.0143610374376973,0.0104209399543003,0.00742373544923523,0.0187594660548563,0.00766708963580604,0.00682442514164601,0.00635474601917111,0.0216788871522564,0.0142844372502146,0.0226236809540243,0.0172409755628775,0.00539948248562581,0.0130320546629568,0.0108597647606745,0.0169823525009867,0.0138193719210081,0.00776570920142587,0.00489871674631735,0.00872872038749082,0.0101513379928964,0.00719989288616189,0.0224870352448558,0.00959488988617566,0.0079904894256476,0.00892179658604235,0.0210279958335945,0.00747358839006129,0.00414483718921821,0.010606588471619,0.0113368184907425,0.0102183302184723,0.0168484593995356,0.00523409498662995,0.00895541745975577,0.0221694325826496,0.00429732706520545,0.0255502478383801,0.0111231932704051,0.0163865683353087,0.0140525796535452,0.0126496081408188,0.0118568721097606,0.00433124317566284,0.0025289270096067,0.00475685453131188,0.0132679024563708,0.0149556156751515,0.0107503490721335,0.0134751013605851,0.0120740637434299,0.00719215870973293,0.0146222396449165,0.0101369412306902,0.0105390778766303,0.00613322784206234,0.0168513873873781,0.00748267092525791,0.00806891344781202,0.0269167066572909,0.00849268014280707,0.00827681397091425,0.00875430595772893,0.0158454731665162,0.0135434679338776,0.00663340467779226,0.00932162213740697,0.0094256649026683,0.00970191562689922,0.0108734234720067,0.0171359518488012,0.00706652118191529,0.0120796997466221,0.00902155455906894,0.0291046752906352,0.0070038125558818,0.00739653647112826,0.00942727136035073,0.00783835996986772,0.00828096182031498,0.0096932070864631,0.00512785238057014,0.0108494654771993,0.00538672015513432,0.00707220859742066,0.0119589708320416,0.0200070828315344,0.0140647201960235,0.00425750932049536,0.00618781027518182,0.00975567214611173,0.0129703258119779,0.00224581793167739,0.00663613911801177,0.0129262717869433,0.0177821384086179,0.00832054842947255,0.007769756039729,0.0125998586138972,0.00831324168242777,0.0103352300160485,0.0188389997284766,0.0133666309118395,0.0121408626700872,0.00647536154752996,0.011766455046079,0.00664908953941967,0.0156335818642025,0.00688560474212173,0.00300286414587038,0.0074302172978582,0.00920792311685698,0.00823520286254953,0.0149232468936412,0.0130145239841602,0.00541469555713198,0.00711227664999423,0.0120586347109981,0.00817304452475633,0.00938227105762873,0.0111264026179732,0.00352670770005668,0.0116517500435721,0.00406562290587612,0.0120441010881774,0.0127410078410678,0.00559816020587867,0.00337032816391745,0.00680664049219248,0.00396996942520361,0.00555123361347076,0.00743965995410819,0.00692569722649324,0.0244647567202624,0.00737337464016445,0.0154911244329801,0.00770665390011053,0.00812701017632685,0.00408131480530864,0.00513566379649222,0.00627872563361568,0.00693440546355811,0.0127189944863151,0.013423653576148,0.0169801598286086,0.00673578430679093,0.0290379654522584,0.00615677895673254,0.00984723145353665,0.0143016245468386,0.0113701372780826,0.012282740876611,0.00533316194502946,0.0164737363025968,0.00682549107821245,0.0107302209611475,0.0165604528929613,0.00822118708083791,0.0182925349675814,0.0127404988489161,0.0213199051453195,0.0127904335874134,0.0133759071149536,0.0102001988126052,0.0121129333871459,0.00924967352957501,0.0140693784369125,0.00762520528855507,0.016095194647111,0.00830242944030063,0.0079066017692479,0.0110135801446746,0.0222007631460728,0.0160851041483965,0.0152301562540137,0.0135949497089821,0.0137424597036558,0.0102207197463678,0.0112106078464152,0.0080689535892229,0.00823157865803431,0.0172046230831407,0.010063298865981,0.013043715736179,0.0127101470727423,0.00382464514593321,0.00717091003988814,0.0117932899774414,0.00753017171599041,0.0073737098925688,0.0113557025529556,0.00729668882795248,0.0131358434709508,0.00675648443443339,0.0118036232811099,0.00485601584646804,0.0124227821438011,0.00906575428680166,0.0172495292891214,0.0164246191796977,0.0189734879972928,0.00358042200251638,0.0114382213325932,0.00814274466579431,0.010859579856174,0.016892957103513,0.0143487506081229,0.00670197405808206,0.00807130344217945,0.00592993056368298,0.0170229580754114,0.00946406902685889,0.00637801069190286,0.00401425100498641,0.00863992594672576,0.00399511495642722,0.0129777554077265,0.0100599992976743,0.00689018246061581,0.0107838100381089,0.00493404985659559,0.0102923315967272,0.00569249882555467,0.0220802633535414,0.0106008189179588,0.00694990069998432,0.00841796684656112,0.00119964250317778,0.0101488921201007,0.0137302875924131,0.00332793805908615,0.00654075877924752,0.0098964173840755,0.00560308693915679,0.00931347371743964,0.00682764278261464,0.0139299947251542,0.0129168791976295,0.0124748588215725,0.00886466496226309,0.00994906380747042,0.00458781801734779,0.00729278380546728,0.0150880159666333,0.00323639528824484,0.00681789714097072,0.0129352112951865,0.0100129790000023,0.0229287515597686,0.00414233769812531,0.00599740343534568,0.0148811465028326,0.00865444523269389,0.0176356834364395,0.0154429322003606,0.0234469987306925,0.00720086473590167,0.0111932322685496,0.0120578160807496,0.00838304105817915,0.0105719278985383,0.0130313392533704,0.0169889483389881,0.00833760958007533,0.0119654226030902,0.00994167219611118,0.0095644406729535,0.0150315105170968,0.0225657181439446,0.0122524052620001,0.00946298813411332,0.0110061765655254,0.00934528293478156,0.0136091016035625,0.00824039707801834,0.0104243286908303,0.00456286907674521,0.0102640382718447,0.00732754238180217,0.00801089505055663,0.00566276088637885,0.0205328638669049,0.00786350319243933,0.0195936411979469,0.0105887355746497,0.00963689197467795,0.0118911207818501,0.00938867590310266,0.015316037252505,0.0046994559411863,0.0112244147173624,0.00472754731923286,0.00601862942366455,0.0151320962799644,0.00290034118093987,0.0222152438667602,0.00856810491161651,0.00985719606853828,0.00857815638957116,0.0105965309720322,0.0183515392171881,0.0135635365314582,0.00740835232099688,0.0151223282958112,0.0144352586388999,0.0130517289838836,0.0159545153432303,0.0119611691960741,0.0126833217922914,0.00494730324357926,0.00672395706246228,0.0227201317703459,0.00294066612766079,0.00929899474745359,0.00596866707300438,0.00673223171652957,0.0130450324163955,0.0196789161878406,0.0164159651716867,0.0168443470381834,0.0122476172880129,0.00675922999036469,0.00478073409897952,0.0138242567091578,0.0166297530788935,0.00752387733747871,0.00445188904822073,0.0110107357765842,0.0153836121321498,0.0191817648684786,0.004626146414251,0.00611231720834021,0.0122351626580788,0.00394083049545011,0.0129765512894198,0.0187341235793751,0.0117662550845082,0.00617346480413529,0.0162091821064758,0.01550093509781,0.0103940181094019,0.013276482323349,0.019917230339664,0.00880127223122649,0.00626222416595331,0.00691912715977629,0.00714206148226535,0.00577325097314291,0.00993829212830893,0.0112867123488917,0.0026786404355519,0.0140699233192807,0.015178243086657,0.00410291534028945,0.00936087124701753,0.0136878771845608,0.013359203790489,0.00884793598356228,0.0191782777938814,0.0146480004101144,0.00831604320222686,0.00827936789374278,0.0165111696095113,0.00498744972027308,0.00471073903500086,0.00672329885374997,0.0138912935844072,0.0194058613177329,0.00434334932457751,0.0151034476321264,0.00794892413792125,0.0162453764082498,0.0131648893749413,0.00673215854222285,0.00727108284181164,0.00750046092503703,0.00236557875248492,0.00865145712505601,0.0121494248113636,0.00568799838323962,0.00911985347169623,0.0130977762201074,0.00779275773863103,0.0204919056987462,0.0129392437027959,0.00741370810052141,0.00786177379984188,0.00549792462255514,0.0109410623729769,0.00874707332352461,0.00547569026757333,0.013025211828443,0.00801006240396122,0.0149894671505379,0.00674067485106024,0.00295365252086828,0.00808846072668423,0.00988512973855465,0.00559674490894389,0.00374806622865326,0.0165615310747185,0.00764280776188336,0.00724315228453741,0.00577992403945704,0.00705850672869446,0.00484446386864224,0.00979922005430206,0.0161088453880468,0.0126685921369239,0.00802248903809755,0.0124285167310416,0.0153690522991489,0.0196993083065875,0.00906364894802718,0.0117161313586703,0.0115731529992301,0.00724227558931678,0.00938462959595375,0.013207320170846,0.0112222308261654,0.00871845846662613,0.0111722314941302,0.00624695891511856,0.0117127434218566,0.0089673053196848,0.00766969804748705,0.00762229089092283,0.00688736488319573,0.0064987606366473,0.00945800328100888,0.00413499789109619,0.0097347733911527,0.0131747987834587,0.00889654645323897,0.00929580594782068,0.00552767302158014,0.0114832836757906,0.0106567354293717,0.00800201856441194,0.00898698227035671,0.0194719890890109,0.00155448928067126,0.0119690443734962,0.00513834958150294,0.00908403230412056,0.0190087359962138,0.00566261509728035,0.00504300408397571,0.00688702065345076,0.012552723461876,0.00993734077513579,0.0127261545859682,0.0143100279608797,0.0075029839312829,0.008317012382068,0.0089447960266959,0.0155385554554339,0.00534663714875914,0.00868192761978985,0.0135738317962029,0.0203733260947342,0.0129151951970524,0.015103295444396,0.0138013337894312,0.00710007861403585,0.0136613183703645,0.0082081884545572,0.00935403451263868,0.0211083062027138,0.00685979567733915,0.00582482944522219,0.0104210504300883,0.00579518990081936,0.0107963298526486,0.00724257437392232,0.0125714790038413,0.014971370948766,0.0109496091088081,0.0127977317258918,0.0119355534111236,0.014238614718386,0.00584615348354354,0.00756662058934149,0.024928346876375,0.00639523399940212,0.0173869405596284,0.00944558992690975,0.0142476310615692,0.0159440503788085,0.00552726670009697,0.00498957668370009,0.00972093392261597,0.00786851162716647,0.012154769839091,0.0171768626738862,0.00447317906978473,0.00890308517097766,0.00932491183528315,0.00419759153227136,0.00643997805411698,0.0121164782162182,0.0062357866108021,0.0201136574080208,0.0133897251751999,0.0061435877516583,0.00968243272184357,0.0129027184671149,0.00763280003133456,0.00704869930437848,0.0105570316098024,0.0101975579315123,0.00516732006043843,0.016120224171116,0.0043575599499117,0.0133507852830241,0.00556070316461199,0.00523222967685427,0.0121480334771082,0.00281941497237798,0.00574055961249124,0.00693975458950815,0.0147170040866591,0.0101071254318731,0.01052335582714,0.00552316820986382,0.0140927140118769,0.0147339432464775,0.0221894000077269,0.00600256580493639,0.00871662775736537,0.00874512572329119,0.00981560279125808,0.019965517762499,0.00488648643000115,0.00611370478960841,0.0164823620746043,0.00862695237933755,0.00725360578482901,0.0126250733995132,0.00639688887594712,0.016782886226327,0.00672153580476583,0.00734205861432263,0.00343552157627029,0.014710333185133,0.0148290503372154,0.00829807772482385,0.00907502001886816,0.0155484483371814,0.012874875470747,0.010014410761591,0.0111257964504511,0.00415590884256075,0.00408765472223227,0.0080917345371857,0.00865688830992051,0.0173367317941309,0.0204002787433938,0.00707222592964698,0.00647710211847321,0.0146931642898525,0.0143178033678235,0.0113707235330491,0.0096391472218515,0.0119390138528696,0.00931576338082389,0.0108889151115398,0.00221592837073179,0.0131329703045357,0.0165215443147249,0.0141287466901586,0.00452029110040523,0.00446398812637811,0.0140504834004266,0.00826994793838409,0.00352225791237306,0.013415223469674,0.0134484029160426,0.0333492540832048,0.00820845861799785,0.0068824684948447,0.0103864839516808,0.00767341629392245,0.00996676375404056,0.0216815057451084,0.0161568374122718,0.00259547635845542,0.0171843918695918,0.00906155451883382,0.00657842790535786,0.0142153192066184,0.0204117852361632,0.030705597982696,0.0134909653925243,0.0028904669416885,0.0134285275384789,0.0115306190772194,0.010820657317638,0.0159626454772952,0.0216363769220594,0.0169726905265742,0.0074700733531099,0.0117191395486515,0.0140509109784733,0.0116946239661265,0.0101978824177575,0.00711562713893197,0.0107478142678093,0.00504598124448287,0.00952343232155197,0.00313185800538109,0.00242950837477479,0.0223502279307298,0.00802276643232554,0.017551886182449,0.0123047552698295,0.0139696587170826,0.00576700139956767,0.0128290958477426,0.0131109366859134,0.0145788299549534,0.0109465445495516,0.00363478983880518,0.00905034125169944,0.0131515162813878,0.00919792994668546,0.0136074357343009,0.00841575385250287,0.011167258994401,0.00433001197169649,0.00847426550323177,0.00748403580974303,0.012318727803258,0.00498923859448243,0.0102090170364812,0.00458002769884227,0.00887185773048673,0.00692641609290577,0.0112476527146618,0.00984574732550499,0.0168424572448384,0.0122519568330545,0.013155542323612,0.00352226351265683,0.00935758109477225,0.00881693134191586,0.010372908623645,0.00309812098986913,0.0171713291608875,0.00763718576305085,0.0111611979044836,0.0129549973644245,0.0137294240709813,0.0117828636352451,0.0204450136780521,0.00604123185101896,0.00240022052970792,0.0110278797080555,0.00611687696243137,0.013701319757301,0.0098638181886235,0.0113832279299924,0.0059772511647202,0.0105651197757525,0.012148783321717,0.0064554856350166,0.00343931935024757,0.00833286010341777,0.014685177094688,0.00770472275518797,0.00933333800215693,0.00675421224870236,0.0100206894943049,0.00447422713754779,0.00713669463090851,0.0108598891729205,0.0103153638547303,0.0163992425793372,0.00327235480218091,0.00942992855144546,0.0200618870712261,0.0147914301100291,0.00449072152042882,0.0178890190853228,0.015713111413807,0.00805549670267704,0.00287264587187092,0.021489634172907,0.011244115536064,0.002331234390018,0.00733910279031038,0.00896766277583909,0.0215390684723793,0.0054919397450075,0.00523393826026195,0.013332005141434,0.00428977547946502,0.00776367398182574,0.0159613410931348,0.0199884843865103,0.0133307307169258,0.0113901025513641,0.015184362487138,0.00496461302324045,0.0136308524028809,0.0257946298559362,0.013937635253147,0.00370578276408023,0.0153231382203266,0.00880040587138031,0.0116795690876539,0.00876633899928122,0.0114733215211644,0.0128996811473287,0.0181416599283263,0.0189685167814082,0.00778599446832829,0.00787908661210699,0.00822202953527892,0.0106285305533496,0.0165886516519006,0.00618666146064541,0.00986370071737941,0.0118255995568563,0.0116548792317851,0.00184005015556034,0.00453821319412292,0.00736214613999247,0.0145896875788654,0.0170138890241473,0.00940128233030877,0.00158177691069428,0.00667294403422034,0.0172386207140095,0.00357275673538001,0.0165538625646971,0.0113595765574994,0.0172943704634163,0.0111010303862742,0.00938550992923593,0.00726564084266209,0.00544577878027939,0.00533032383122895,0.0102489079987429,0.0140291746833892,0.0105767879155113,0.0220672661411303,0.0249318206278584,0.0139301342312479,0.0197806270624326,0.0113896054599507,0.011605126192793,0.0100277131267793,0.00672342704069088,0.00714580150454273,0.0053717235796946,0.0166080602202032,0.0127048934777615,0.0118500973388012,0.013176217956084,0.00797471079100707,0.0110437757335726,0.0110102573683749,0.00961405234729971,0.0138640804726661,0.0093279500197964,0.00781665492347337,0.00954951097864156,0.0145256861235374,0.0128966006946163,0.0077271908434011,0.0132973638072963,0.016021785551346,0.0101280741908136,0.0150766885331737,0.0107699980276974,0.0107750507705047,0.00930103210500486,0.0020825096803991,0.0151369306709987,0.00533898681216192,0.0168263812539998,0.00823684476559265,0.0157182439350192,0.0136927935057573,0.0062349397984876,0.0201018207529254,0.00566468954605851,0.00951410573275722,0.0115374990876087,0.00741482615397258,0.0209641751261309,0.021924336628869,0.0136595568573307,0.00839658480332985,0.0151540087585457,0.00796226020901695,0.00603981209509667,0.0086871477009231,0.00768094085872756,0.0105254008873562,0.00813175450152931,0.0107356544269095,0.00581878347434609,0.013124474144305,0.00847487012936386,0.0220845128085334,0.0072898610273122,0.0104054772251927,0.00585210919366989,0.0133080495713508,0.0086272564290451,0.00846875748084247,0.0138862962454175,0.00644098490264193,0.00455991160834995,0.00434490866265476,0.00923043315258265,0.00976066398984466,0.00937182006301579,0.0107217167658277,0.0117250217976019,0.0133867019258109,0.0136630920233837,0.0206415728872649,0.0136344313156431,0.0177259381348076,0.00541808013911427,0.0110502525577495,0.0170799574376785,0.00886904058063274,0.0051880319104183,0.0198631508001366,0.00702949447850008,0.0115814597268413,0.0125130920293425,0.0102550168429739,0.0090667279802875,0.0098205247285996,0.0119087016671068,0.00815717690273473,0.010943646811553,0.0232849583538107,0.00318616336116236,0.0105745125506795,0.00814882775144236,0.0125353479477685,0.00596737833439724,0.00679021753036306,0.00270290817289513,0.010539794683529,0.011245032710277,0.0104590762842597,0.00707860955615802,0.0190794651955664,0.00768317069283057,0.0118460348236053,0.00404325865975214,0.00909714116938654,0.00542862274086533,0.02436783373977,0.00764058428621511,0.00976083605903344,0.015787472585894,0.0139655629954718,0.00934082910067663,0.00513681633433046,0.015685443553856,0.00827028962679962,0.0072213839429896,0.0115440651626829,0.00724409061589633,0.00962113641541588,0.00806486753433609,0.0151282691961494,0.00882832770253742,0.00517000593856635,0.00648185079639457,0.022707788972962,0.0100032063130965,0.00788145398331639,0.0112670861204228,0.00504405932141011,0.00664478088089473,0.0083761278051987,0.0132848953258283,0.0110563752161901,0.0070268047126256,0.00802996241772221,0.00540287984751092,0.00523089882910125,0.0123767073095033,0.014617621348621,0.00728913450097037,0.011569528876595,0.00935987840008092,0.00734241168343018,0.00735764684215941,0.0103182322686585,0.00565024255564391,0.0168183584465658,0.0111187215996745,0.00733976819697365,0.00677650764771468,0.0061181998089336,0.00405448207053984,0.00450252581726229,0.00852176738170081,0.0160259951952251,0.0111360022807716,0.0154933842331089,0.00662797115964446,0.0110220291612168,0.0161148195368857,0.00710839070087216,0.00445873289757302,0.00458088646915598,0.0191138588441944,0.0114324136195982,0.0150083046840899,0.00898833537390263,0.0258280105316597,0.0100569210102404,0.0176010138743038,0.0155352774518063,0.0115182110540117,0.011002125510542,0.0079327513884328,0.00842554197380985,0.00774156566009308,0.0070367581357807,0.00976983539039807,0.0117540944403886,0.00746637141015353,0.0100188250247469,0.00451437182224588,0.016464044376189,0.00925034503392314,0.00586117718891695,0.00552139350313395,0.0250021516477251,0.0134167819915765,0.0148090990797138,0.0136775299942506,0.00902806799675795,0.0116174457960925,0.0123494088147079,0.0228459213558301,0.00362812477484141,0.00481394345352158,0.0143720864429453,0.00671584429749506,0.00592477932180609,0.011915704553474,0.0114955001553633,0.00347641465761454,0.0096678512401262,0.00870894688255034,0.00860852001332903,0.00513367400566924,0.00703958790147948,0.00999307473696004,0.00735077896000906,0.00269874492773448,0.00805896797729294,0.00622771426281389,0.015739977944601,0.00720157943933336,0.00782545796568638,0.010650203276654,0.0147508458961029,0.0118936708209272,0.0109890939183437,0.00778206463588382,0.0137178352454167,0.0193969939061914,0.00897746142828278,0.00636458134356207,0.00505950346420901,0.0139817352639581,0.0169799532178589,0.00888350075345647,0.00971584108740797,0.0112122446534635,0.0139629163246731,0.0156645172872873,0.00677184123889511,0.00760271527114748,0.00731619802722679,0.0057891120821546,0.020692247215651,0.0118179210578261,0.0039534700641762,0.0140353323691062,0.00949627419470811,0.00704520595575525,0.00979818900766993,0.015874439288077,0.00521699419103363,0.0103438007365322,0.0128184590888044,0.00419765481256817,0.0152421476168212,0.00986609351293155,0.00632577527680028,0.012597620921514,0.00238472615790804,0.0263903441710883,0.00600855902655856,0.01785283432074,0.0146169248199466,0.00731568534278585,0.0190812858424832,0.00891444988796166,0.0153351504581236,0.00870816877693747,0.00889915213020237,0.0106640894461449,0.0196452987385956,0.00787595833988865,0.00834683948415495,0.00283536829593685,0.0101841644244509,0.0134493239218993,0.00884507096888149,0.00840611698892145,0.00325247224735773,0.00359621977054679,0.00778722463492646,0.00770147262868006,0.00535859705326369,0.0120408872709164,0.00425024496701831,0.0230543002489907,0.00579990269335838,0.0117690250327804,0.0202813032797228,0.0119561736596522,0.0125850723787059,0.0245358497980587,0.00726575044413077,0.00609906984222306,0.0162942915697823,0.015277725343477,0.0173568754073738,0.00722258252890567,0.00743030844654039,0.00462848844425083,0.00776227784978166,0.00781772737981682,0.00624716476963379,0.00765218441220293,0.00649678219325221,0.0117708734931598,0.00923543852016134,0.00790189859279211,0.015193210476432,0.0152238777956503,0.00694925793863179,0.00436463644093969,0.0130902830615739,0.00665188206891798,0.0105362753719285,0.023336153366216,0.0151308258311089,0.0208023284338034,0.00875236810376384,0.00251166975203258,0.0158141939459347,0.00947816791137564,0.00699746574219573,0.0192905611990115,0.00608976117346005,0.0136066522367933,0.015792265123186,0.00796297655654486,0.00694580024214723,0.013729667030624,0.0121150438119449,0.0102311352085947,0.0122172057549831,0.00551113600982434,0.00931819784492853,0.0114175840631467,0.0106661191769313,0.00666778486289121,0.00683621200723346,0.0090897410858791,0.00931188963253008,0.0149248158635115,0.00466021560415514,0.0103306827290108,0.0200960265922181,0.010473000029039,0.00538987193428662,0.00953756553245523,0.0178119339941218,0.0078043107413012,0.0107058041911909,0.00543011987056428,0.00229850805510767,0.0101924560213591,0.00763844900434753,0.0173060463824935,0.0133760734438294,0.0135855737011318,0.00813847367502637,0.0116160062596863,0.0101261533484747,0.0121325197583893,0.00346986217047279,0.0060701511823363,0.017915289704517,0.00935350589729197,0.00713415933431573,0.00920721248990377,0.0135657801614,0.00328667258243002,0.00666608122224766,0.00778680227598183,0.00570702435284685,0.00619857855487231,0.00669517611575967,0.0230796813713997,0.00626681410304912,0.00906211680615797,0.00804079286580284,0.00426178980056826,0.0209499585169386,0.00741543674243197,0.0309544362257306,0.0153331218717577,0.0158312297562463,0.00368993998217806,0.0178868751897898,0.00364879451415652,0.00942193868841843,0.00915463457360584,0.00783762017282112,0.00933808551474058,0.010960279841013,0.00460314968632486,0.0111456349642746,0.0142879909476073,0.0106575832051363,0.012461728507581,0.0109764040406824,0.0157110375284823,0.00640826296210719,0.0112096095027092,0.0165174907662169,0.00934984526881,0.0184993657449241,0.00653252129553951,0.0167234438780873,0.0047199058172207,0.0051094150970204,0.00821125061620581,0.00725886033340478,0.00969452051812099,0.0173904694424686,0.0149446245053057,0.00472215030880957,0.00893035237852785,0.0118678913279183,0.00773696410340918,0.0151477671108846,0.00799690228423331,0.0154673456750882,0.00524645874201105,0.0143112788285808,0.00917013990431792,0.0136583065408057,0.0186771911839593,0.0172792750011141,0.0155625841711236,0.0113160742596789,0.0123122704060253,0.0162730321512751,0.0155293007897075,0.00587275521626189,0.00848939207563596,0.0056537762983076,0.00580517038337841,0.00624107391386921,0.00784656835304354,0.0158001398728064,0.00952089353112988,0.0137413284851568,0.0108430830542217,0.00620026284443583,0.0112189576354645,0.00504818835559066,0.00824227750196308,0.00909450218152893,0.00462720153223315,0.011263184168253,0.00894206338921342,0.0198424550746137,0.00646364629578122,0.00908794851888363,0.00480417587314419,0.0127589116817284,0.00993698767257473,0.00401765549432405,0.0119841001156455,0.00997839406947898,0.00525207970575492,0.033244061424998,0.00945249814771324,0.0148079319778519,0.00428020176695256,0.0147091841238699,0.00779631651941728,0.0130678490349377,0.00978656737854674,0.0141949897970159,0.0105331111543066,0.00855613806409065,0.0128228982539463,0.00777723570055716,0.0075814536371967,0.00960722216364412,0.0127668128809462,0.0122761539936804,0.00407008017636743,0.00715632545475468,0.00716255185380334,0.011365285944274,0.0121609047797181,0.0127862711022397,0.00883208769118713,0.0201587080955298,0.0102995754848773,0.0161018996539199,0.00246435378870423,0.0151159995919133,0.00769450991797625,0.00999608998022002,0.0218347776253704,0.00790627524926263,0.0132544971352726,0.0144667577416089,0.0143068065562939,0.0136864237438621,0.00750980029764842,0.0174699798990391,0.00456167818208791,0.00944640766256183,0.0159103987727192,0.00862378584671571,0.00580909838662606,0.0085778588791128,0.0198027638791783,0.00848625577473046,0.0138433787119751,0.0113298377620992,0.0148982406260681,0.00734611500475372,0.0075009994142917,0.00899690340252203,0.013244959751764,0.0067388680538103,0.00928979731286841,0.0105406415847752,0.0121751591049066,0.0119242561476866,0.0213119023065444,0.0108497673599291,0.00874684998426846,0.0100533804598757,0.0129138470052881,0.0157568153803948,0.0280904851271983,0.00433914769383294,0.0102328314538009,0.020726134060995,0.00356849650218544,0.0173149735219944,0.00740578246816217,0.00924838118235714,0.0186425664534828,0.0159192520184753,0.0103686259167049,0.0153254051934242,0.0109035591804777,0.00600921540928773,0.0124549892372531,0.013026469058982,0.0120762046660862,0.00354171471363618,0.00946297446608494,0.0113194186329659,0.0124943909283104,0.0109021122614439,0.0132560042090134,0.00774037608363156,0.0105268204680272,0.00697683902164228,0.0109890601197378,0.00952393234743519,0.00967063133674351,0.0101609832567271,0.0191388642395066,0.00436804621824697,0.00771503826519674,0.0109635384335925,0.00858617997332215,0.00795319162505611,0.0141092147455289,0.00477743635104366,0.00857521191922039,0.0093939307266482,0.0104006107333115,0.0159540979451392,0.00726899435733632,0.021325956455405,0.00775624023045701,0.0103911548532813,0.0130018511636522,0.0181250840483262,0.0227846697611716,0.00814923467764371,0.00649993001295046,0.0155442644315201,0.0105560093479845,0.00746561765970844,0.0139499000186574,0.0227165371168765,0.016047807782973,0.0100155498023909,0.011677525588486,0.0105775159657857,0.0131748170091481,0.00539343544668743,0.00830597886511307,0.00970527317662801,0.00748334969540138,0.00316035748550057,0.0126792985667455,0.00474543220019809,0.0147864553451478,0.0123618523442213,0.00643326354313458,0.00459164217385794,0.0145836833728418,0.00584076265784154,0.011429253207649,0.0150759751224953,0.00455304913080011,0.00718602818868891,0.00875950847572808,0.005025486674683,0.00818264981846319,0.0104477846716468,0.0112639436797074,0.00844376909522104,0.00603841423627046,0.0150075186541328,0.0201612051003291,0.0156431563080156,0.003484498239178,0.00716046508729083,0.0115824928007737,0.0098322561782677,0.00951344208446821,0.00557005194907685,0.00916475607983271,0.0161675128587919,0.00743026188919023,0.00687417514212527,0.00576997013262147,0.0114972352240605,0.00693433227874679,0.0177439685907718,0.0069303254867939,0.0161725879674986,0.011750555049262,0.00337999880567526,0.0219205328341449,0.0107385595943717,0.00718615834351368,0.00699901343641638,0.0109679311594265,0.0108396492498638,0.00608640517819992,0.00393838014727003,0.00800838394919133,0.00498508865271522,0.0117865535510485,0.0116765475253144,0.010577319106074,0.0101288418167869,0.00923796983604728,0.00767022905574642,0.0128199008980918,0.00926575291557552,0.0124597270814749,0.00423394606086508,0.0188455289052443,0.00550734429437209,0.00634933435019823,0.0322285580574635,0.0069713112669126,0.0143797079258886,0.00662916171831137,0.0105277938766632,0.01528258830401,0.00548811726203913,0.0134408736439125,0.00990078608603351,0.0186325741179569,0.00840168921525203,0.0109911311840755,0.0168322461696435,0.0134111282135592,0.0104492211630945,0.0159995718518373,0.0197089675529674,0.00277939551204,0.00616617500695969,0.0103341720925288,0.00156446389942237,0.00820923415981945,0.00196432570930336,0.0132631700100686,0.0118913203401245,0.0216859493752445,0.00519484972663583,0.0199543415104047,0.00736374993804317,0.00619698477076297,0.00924619330698269,0.00603312812284031,0.0178252997432391,0.0071805793589951,0.0124509200030501,0.0039370757090361,0.0104336110063663,0.0134457390286654,0.0117524821779111,0.0120639656923658,0.0154753283173603,0.0089532827505851,0.0142990835660864,0.0188275701875507,0.0110399312087489,0.012113440862389,0.00351977700797307,0.0192351690674041,0.0149453902671452,0.0109678221497008,0.00753870636651051,0.00645096860401018,0.00720253343056772,0.00705682575625223,0.0154124765830626,0.00415721827505104,0.0162423543171447,0.0153168821742105,0.00595470216320422,0.00975651058500145,0.0129600517275858,0.0107239534235954,0.0199997221711759,0.00264944475074106,0.0158590146106586,0.00534813051617172,0.0167416166834085,0.00692126214721657,0.0120126425550505,0.00266090638879105,0.0169009826259295,0.0269617532919501,0.0110451112514535,0.00580145724808695,0.0150830972282079,0.0105693048171267,0.0181269076845559,0.0114147199842369,0.0223953388934125,0.013454459995529,0.00817298818126196,0.0143619257937039,0.0137782855588682,0.0109667282742631,0.00919317399197012,0.00455000232338237,0.006210669855803,0.0101911016894493,0.0105622308938589,0.00796487803201893,0.0076183816978261,0.00411368996272584,0.00494425599322425,0.0122900551457238,0.00474402543141792,0.014813543470555,0.00766782523592175,0.00771144395534732,0.0260758208744945,0.00988692751553986,0.0126822009034699,0.0114278387135494,0.00845090316608058,0.0144209577745476,0.0134536584856294,0.0079865323762432,0.00958720192025196,0.00585269138998643,0.0069820239196189,0.0125076371949204,0.00945058269578566,0.0304216038157684,0.00648557671892397,0.00789438593003157,0.010216472641956,0.0126181623648977,0.0145953661670088,0.0159627702671631,0.0161638697433779,0.00549158629371619,0.0125040339380299,0.0117948424833054,0.0101595932542564,0.0167296415330012,0.00820558514731271,0.00696864674557462,0.0144375483656815,0.00898927846815317,0.00839521503290961,0.0103123717873662,0.00440782820266348,0.0143851733248525,0.00717419550062293,0.00961132232128006,0.00447195312521622,0.00650926575786692,0.00841836328064803,0.0166565920736871,0.0137792639490273,0.0102801157939634,0.0109557766593527,0.00956187789040325,0.00720357645722913,0.00542268996418575,0.00868196140769316,0.00978542222901032,0.0138185841123522,0.0153756473667675,0.00852682301424244,0.00751109640570349,0.00549303599104101,0.0113191455875499,0.0070951440409868,0.0137975010397479,0.0114933265877967,0.0107440786476353,0.0111804225010376,0.00475925492004905,0.0202200010436102,0.00588402262660356,0.0153496227270419,0.0203618694219606,0.00652827800721477,0.00409770940383751,0.0201270988892664,0.00727821375175029,0.0139303331984931,0.00986397700947963,0.0112392339828442,0.0276914733786233,0.00889158687416828,0.0169537277127107,0.00670569237823905,0.00649474267827788,0.00901038322696601,0.0249641339927684,0.00295130609187216,0.0151722765950587,0.0101137358843777,0.0119526952810969,0.0109965817817881,0.0124383162077736,0.00604128096706652,0.00558621486854962,0.0129768151412171,0.0139768460506054,0.010434037958788,0.0269971164016102,0.0108666123170455,0.0205793568977611,0.0144044032712398,0.0140552107686331,0.00860457774529078,0.0156625123727051,0.0118941099492127,0.00813478010999027,0.0162904485854239,0.0112644646821877,0.0239681351413477,0.0115418104144696,0.0114953526205537,0.00983327388979099,0.00522996859577892,0.00866478165327182,0.0136863156435167,0.0099614104979997,0.0139690612303087,0.00940931411284633,0.00574744872455873,0.00716300951958047,0.0116135363920595,0.0164856031986949,0.00631607600517762,0.00506776105107903,0.00944300840699482,0.0167785039960356,0.0251690212593875,0.016276125740177,0.0077317405882052,0.00912185608375282,0.0120095243389805,0.0209856264060603,0.00399224738968904,0.0114698797080073,0.00996594690699946,0.0143555923642877,0.00403926289131327,0.0102905983141011,0.0103129179876206,0.0132746592270173,0.00399507846989666,0.00740083511175654,0.0135886873832745,0.0149166161642696,0.0161283356367644,0.00871561111489831,0.0111980809659653,0.00713480088604862,0.0209432372404298,0.0194625445718112,0.0102298427066837,0.00375193418576223,0.00691698042636626,0.0115474042142791,0.0204357979737963,0.0125854072640482,0.0235031798355548,0.00460930152654919,0.0134704521443609,0.0145898662698264,0.0174147633941611,0.00498712102747674,0.0135514030868423,0.0293184834669632,0.0205807994943112,0.0073944979461865,0.0172774440350317,0.00916725100498911,0.00866764184797061,0.0107876819407106,0.0112044358840378,0.0167466491982814,0.00595164804468995,0.0129860719823677,0.00888526567020265,0.0114910275183913,0.0108148640738792,0.00210987155670646,0.0145108429290021,0.00423616508054575,0.014500618269834,0.0224217655228592,0.00724440306531639,0.0093529099936572,0.0123242812230672,0.014044411166727,0.0192422727251792,0.00791621759692912,0.0132963400652769,0.00503238623864392,0.00939680818683022,0.0112416832996216,0.0124737903503138,0.0131485466509022,0.00786460703866446,0.0114195869436041,0.0114743310217852,0.017246345065872,0.00906053104777473,0.0117391718340528,0.0146174664277836,0.00494627947332295,0.00354301108275849,0.0174244002728524,0.00488270553852567,0.0129755050281485,0.0078936683486789,0.0197484688040748,0.014095454604569,0.0257202151612464,0.0157108804675816,0.0131006178416539,0.00753226657346486,0.0136123526023653,0.0181785381570296,0.00407579921236599,0.00498275140821334,0.00546431617127826,0.0172053049836438,0.00854092359746039,0.00764652957043847,0.0249999885029139,0.0156469752004313,0.0119040169244291,0.00700510283564674,0.0191215982541256,0.0111591371519368,0.00778534274704568,0.0121657378930196,0.00890130238579443,0.010580081043293,0.0157385657551362,0.00434573841165684,0.0110426784865348,0.0156339495965538,0.00742487258505555,0.0176139226643941,0.0163260885503818,0.00489521467005435,0.0102340095610714,0.0125566165313674,0.0147953905772419,0.00524076617014979,0.0060494373322086,0.00827584559729374,0.012247440862958,0.0161354782375369,0.0101726695773386,0.0162693632072966,0.011046780033551,0.00760835653065208,0.0204630861821719,0.0112601658443252,0.0128049724445391,0.00829109157626921,0.0247389106848279,0.0189239344377599,0.00752169141992463,0.0129669544937127,0.00889080412948769,0.0125789572401479,0.0129683620119826,0.00599716576201572,0.0115860283890991,0.00572937462829246,0.0122229796902614,0.00518609413522486,0.00768405768553565,0.00967217593884714,0.00583245620911358,0.0140566383500113,0.01080275965293,0.007686015978372,0.00851049895573634,0.0162349929184653,0.00998615919215732,0.0153572884075445,0.0150095291305632,0.0147715165169536,0.00544855541852834,0.0222874991942231,0.0104821171255628,0.009427823150524,0.0101128100021567,0.00608765598671074,0.00555838309745454,0.0138343302645256,0.00395997726344699,0.0112232072535229,0.0107373845667868,0.0114815394484336,0.00634034274175991,0.012782732136923,0.00874044483311089,0.0182085502586776,0.0137059177925322,0.00744494101659778,0.00495714717279512,0.00764904542845065,0.00922031169981819,0.0119512250398905,0.00786519439991296,0.00774166653795294,0.0145277472327354,0.00853878728944726,0.00818325203605402,0.013176496653816,0.0159305424559447,0.00955266483963859,0.00680594286320861,0.0092119866379348,0.00702094237581946,0.00693147174276968,0.00764339198874364,0.00690094854405391,0.0209525210953131,0.00973643271198501,0.00760496478993855,0.00929663625332331,0.00882350773203847,0.00867147458956694,0.0139364151923878,0.0149323067302456,0.00963931608380767,0.0105489564761092,0.00377496452925726,0.0047377514383257,0.0067858591991728,0.0288863696317603,0.00468413986976631,0.0136136924424485,0.00795309442828505,0.0186400961170364,0.00531039978084012,0.00573569547818344,0.0105673053048714,0.0309675623541734,0.0140888472121712,0.0112732867639219,0.00625710167942891,0.0138084312706417,0.0168668387568339,0.0171857456259115,0.010669927853423,0.00643381433763279,0.00764011396676006,0.0106908545132449,0.0147681343613557,0.00909078063914785,0.0147077738951288,0.00936364859841758,0.0122144599907719,0.00586644485640577,0.0117904619220426,0.0121200204741219,0.0215328786622713,0.0131664425470133,0.0150619304826136,0.0206505607871321,0.013293262198075,0.00507660286178108,0.0108314979009252,0.00902165986686571,0.0127136962210322,0.022945516029758,0.01161397406483,0.0105400150747419,0.0131835261735342,0.0077683279121231,0.0077895808534106,0.00658445545583294,0.0159736358781054,0.0105949094811308,0.0148762833732794,0.00903018505873523,0.00299223910598432,0.0132646410008498,0.0130220674382663,0.0103021038619114,0.0163546655464785,0.00577723444336797,0.0188210534826541,0.00751358594836734,0.0089981839073057,0.00854300248269132,0.0117258734148986,0.0152798517810665,0.0052204924313633,0.0117529876827575,0.00926278176783259,0.0068960633727342,0.00752019657877295,0.00844601952846201,0.0105689708439807,0.00143752368690614,0.0114534663175608,0.00957563164518588,0.00500765017024317,0.0112602336410897,0.0101911389579489,0.0105264166878677,0.00712976474531204,0.0061768915057541,0.0216168821513568,0.0093662216005853,0.00539371106449364,0.00290763326969464,0.00939238341922118,0.00749123002025783,0.00459493429796907,0.00260267690343604,0.0130355480325928,0.0123302845200094,0.0108703530384072,0.00585385279190355,0.00670788911306166,0.0122579852928101,0.0107592755307093,0.009325867544625,0.00869508261590392,0.0102089873351856,0.0101488338494379,0.00702209237160891,0.0119854391924817,0.00525574077079542,0.00806767463160278,0.0125024045577833,0.00642142012678802,0.00504229831952768,0.00928112384409609,0.00459052054357323,0.0157899635663443,0.00404296804309299,0.0105244437593233,0.0105231913629689,0.012178036123029,0.0162397703655261,0.00743885324638542,0.00447871004224269,0.011589556712726,0.00341456336409309,0.0202245376602367,0.00786826877457133,0.00606899024450734,0.0126842270797335,0.0129029718757921,0.00820104511386762,0.00665229343100556,0.0171532624829169,0.0182243826462131,0.00874193533574482,0.0111797095448857,0.00939472671166811,0.0172610462782085,0.00951122517476531,0.013067207130964,0.012279788629857,0.0116685250421494,0.0101300321978663,0.0120037279940557,0.0192951737432392,0.00818523292156985,0.0105177750922663,0.0152707782400341,0.0144811733051025,0.0107713739640636,0.00546349161072168,0.0126152463763146,0.00358979466040055,0.00847339346159902,0.00575642681727436,0.0086953708886538,0.0162297768459509,0.00305228569318102,0.0113963798318195,0.00695377979771543,0.00935919091753107,0.0245445154802404,0.0128665770226674,0.00306356835093485,0.0233691646749088,0.00681901748279791,0.00619045001727634,0.00740023257256855,0.0114695184715998,0.00964696519361526,0.0120784950362771,0.00406627988438089,0.00505292871751954,0.00641690759347307,0.0143681494224489,0.0141507559875737,0.00856252893449006,0.0035122851343953,0.00182730566099021,0.0115826660090774,0.00655487883438492,0.0106366979367907,0.0124220524884929,0.00899337211137689,0.0293560608645722,0.0124646869004751,0.00683245391927401,0.0104800239960231,0.00709790434425093,0.0150004914088891,0.0161092155934714,0.00951480517227134,0.00945336596950214,0.0154373381324427,0.0151599843119917,0.00595052622181702,0.0213686150026551,0.0145739261709368,0.0164311644220509,0.0117201236565277,0.0101342372844059,0.00825682172537027,0.00496338020704379,0.00617039268226125,0.00418215125225089,0.00357402806161135,0.0104755695750635,0.0121188557641554,0.0121479740121532,0.0123292798780341,0.00579291013219646,0.00292205714034479,0.0158315509763759,0.00757851044940139,0.0161872972510718,0.00414708174928519,0.00845797284218773,0.0170899624659453,0.0118689957192368,0.0090909751758166,0.00327468395319314,0.0132314842407725,0.0128369877492899,0.0113904803470462,0.0072029349669126,0.0122886079347387,0.0111785034123732,0.0178318215827472,0.00944899431344485,0.00746109053086154,0.00322466339476607,0.0179619156270442,0.0106862736771872,0.00783273981317682,0.00975384596723311,0.012507641221717,0.0133110916617646,0.00220748103396801,0.0137099709842182,0.00822952790425926,0.0171132546109839,0.00630875262128154,0.0074907946275997,0.0122374440844519,0.018205438267825,0.00718313972224114,0.0149861532837308,0.00984963451956503,0.00755626070078928,0.0177340932160149,0.00455911336415686,0.00799735005560835,0.0129612182289511,0.0091630739772417,0.00666358508112454,0.00625771337334696,0.00782089400308626,0.00854801808838973,0.014251797163008,0.0107312978610096,0.0103283529972132,0.0148310312366371,0.00848149698440988,0.0106214882539151,0.00233364390603724,0.00504281034755473,0.00940628276432459,0.0216133673160697,0.010167855222929,0.00460915348863163,0.0117516721339237,0.00872740178293095,0.0104230573871773,0.0109266823731252,0.020915977208494,0.0074649682638573,0.0162654750613266,0.0159750898407729,0.0199075578026731,0.00829871284585487,0.0179940980801276,0.0105113110473759,0.00342280600257518,0.00158734093365553,0.0187601582055233,0.00898397453782533,0.00627123675896846,0.0117627463538377,0.0136878580341487,0.0107072603703532,0.00610113090825413,0.00586014549916351,0.0122840162110529,0.0117438925535126,0.00697150974765067,0.00299468618005411,0.00935165245425951,0.00949622394474163,0.00730639821362957,0.00799890003960339,0.0172609325659655,0.025594709805011,0.0198126788778657,0.00605666216250228,0.00720183085282559,0.00653172630373539,0.0136271419878206,0.0194759487252142,0.00952992316066004,0.0129043205880523,0.0175081322342456,0.00859307224198288,0.00321090571698431,0.00557777802103474,0.0136130131682445,0.0114903529269504,0.0080253867119014,0.0124757166363135,0.013153020495077,0.0188535243572607,0.0178959014960014,0.0126393351987597,0.0063369797503404,0.0081182356222206,0.00978611669626545,0.00738091383056107,0.0125804559363806,0.0052106287215587,0.013768699168382,0.00884014775443357,0.00549148155437364,0.0135156424587635,0.0214996495286836,0.010120276515868,0.00763391071230746,0.00602349276968446,0.00897054717443792,0.0193867062840854,0.00577331488717087,0.0037614815264469,0.00837563538437493,0.00615283959810714,0.0073574796299863,0.00887205214994624,0.0115209268261235,0.00975907302705609,0.00740134882727848,0.0116211984228391,0.0139050547101175,0.0067584992804355,0.00588244736191153,0.0115324370634956,0.00546632233305587,0.01748595684449,0.011317837706224,0.0119936183385647,0.00774955962289355,0.00594308848283517,0.0105170369729855,0.00503340278300113,0.00191747473605242,0.00611411177696007,0.0244173064292571,0.0152483393307309,0.00521264084130198,0.0110683111818026,0.0134884173623965,0.00697141421112526,0.00819591803342595,0.0126737402647868,0.00987723257449025,0.0126861516739366,0.00532207268135926,0.0177240043487875,0.00766934112636874,0.00587447917795327,0.0122685696188108,0.024974174422042,0.00425444620484313,0.014502512413368,0.00614651196129266,0.0091440113963151,0.0163653070571724,0.00851967109844169,0.0205171021071214,0.00339985905138453,0.00811187235015304,0.00529874010878525,0.0212138602234292,0.0182970932033301,0.00699004522501405,0.00995463780795427,0.017353474432694,0.0107265150121976,0.0115204796259556,0.00570511443916213,0.0104438775576316,0.00630722808703242,0.00775722492780336,0.00727962552870796,0.0097713707704015,0.0112067979929428,0.0097189213684738,0.0138135823721882,0.0138599698471447,0.0152565946938833,0.00386414218628269,0.01426030492761,0.0090434621972468,0.00658161923328815,0.010206759865384,0.0169722034991866,0.0170540309586688,0.0151125008575739,0.0055725283381979,0.0107777881673917,0.0171750761972075,0.00660448682776858,0.0102305403002752,0.0144155642978288,0.0066449876047445,0.0191666928334462,0.00699139309234146,0.0101014129169298,0.0124234906549256,0.0121068678845168,0.00814472138654086,0.00731913430833388,0.0107316641502276,0.0220173443618794,0.00974469728809898,0.0118645512550843,0.0161717569874967,0.0138606116224009,0.00932825815335223,0.00400580612689546,0.00893219086437593,0.00901993468747849,0.00677947678452839,0.0117474529336067,0.00731650815615629,0.010537733644285,0.00987602632872757,0.00930192816972854,0.00569319306073074,0.0154986197720416,0.0136267164071716,0.0122054680357151,0.0238198887540271,0.0147264915971981,0.00559029286091127,0.0125918569170252,0.00817390469485664,0.0172574891492539,0.00596870186998285,0.0138196157844355,0.012640819233017,0.00900596751510146,0.00894027734489332,0.00981386793516285,0.0150537588923074,0.00925979496158907,0.00726772613476575,0.0095951886743431,0.00883356998059776,0.00829438447441848,0.00873164697712072,0.0116971712992184,0.0173888721329478,0.0132533409794302,0.00975879014267457,0.00869505587257861,0.0049623782975751,0.00648958983553951,0.0093884324081091,0.011706280132727,0.0086525787591679,0.00512641361662269,0.00925319533354642,0.00900294872740574,0.0104824062812314,0.0170799964067601,0.00610862291400991,0.00963066829756019,0.0131873413444411,0.0189830977566979,0.0224811147898744,0.00825372141525941,0.00947748713107514,0.0121519578985847,0.0141246432063492,0.00761564547405289,0.00644902429378891,0.00721894442076447,0.0151194596347237,0.0114314038683186,0.0146285169346668,0.0200371889896633,0.0184785086927617,0.00853922623229023,0.0109242921522442,0.0224207671331412,0.0129024535936112,0.0190764773218658,0.0154053964709398,0.002787820572648,0.00718970281601207,0.0156633261074365,0.0363726873745611,0.00502371403751175,0.0173462024956076,0.015554668299666,0.0080637132436114,0.0109630658248839,0.00700802857702817,0.0127856136713804,0.0031370881889056,0.0140138655153777,0.00893592803947444,0.0121878432080848,0.0103396437624548,0.0213205159556638,0.0184956218010088,0.0128772460599505,0.0222468231838018,0.00999135198270566,0.00568113214356258,0.0155569540232526,0.0126811284713604,0.0112711699451317,0.00566975967699015,0.00918024838211205,0.0157490174188348,0.0159244587018695,0.00838281484759684,0.00658918225390556,0.00947779394654115,0.00228351414573822,0.0138235062108457,0.00968264794853548,0.00599842280500473,0.0222891172562078,0.00846288784634699,0.0068435688984746,0.0124591628103646,0.00512015109018057,0.0160317557674879,0.0081418947355151,0.00979274042420678,0.00770885181708027,0.013734526192492,0.0168697328948162,0.00788281884387924,0.010610536690002,0.0116526904615722,0.00431998537231461,0.0132197841746115,0.0119621697363376,0.0101072300920426,0.0062021662478978,0.0120740242709477,0.00674995457535188,0.0248038512938299,0.0132066300546166,0.00791262333963847,0.0100421776731257,0.0047742476273972,0.0195035684356033,0.00879527149438702,0.00563253019836167,0.0243797129648414,0.0194254227543796,0.012607786708547,0.0179644289569064,0.00979590815411783,0.0183584723238637,0.00631883304218434,0.012313549481261,0.0196345376570782,0.0124738779189362,0.0132732352284803,0.00679648414805974,0.00782444121031795,0.00855147557819221,0.00823750232269098,0.0102846789688368,0.00866107735993952,0.00989158202482373,0.0168746873435631,0.00916087007267802,0.0107009192815518,0.00664071074513576,0.00628558577431863,0.00647138032929136,0.00523157658359796,0.00805585081127106,0.00598627827060723,0.00497251513280955,0.00848537428626158,0.00616581772538283,0.00874948594816851,0.0133616826081712,0.0130567240584307,0.0116296153927564,0.00924713849037146,0.0139481366080721,0.00955296900043441,0.0128922712272995,0.00635206504244701,0.015178018676445,0.00777960218652391,0.00797628016548557,0.0162472802774219,0.00857457558232855,0.0092172851113686,0.0108000150475336,0.00626840918328871,0.00956675726307998,0.0193384946179893,0.00386373935364792,0.00791329847328777,0.00305087278783659,0.0143172157482771,0.0106683375661428,0.0150753886889462,0.0192309637548213,0.00250952207759471,0.0107729547253697,0.0136839034580045,0.00703470782194952,0.0202172713863813,0.00474049354682379,0.00674457480505617,0.00809989239369332,0.0127602421826886,0.00250294108258703,0.013843910832656,0.00869963052129889,0.00589708447316619,0.00976951952696533,0.0203858846656874,0.00857339767013954,0.00486509539071985,0.0163474369395693,0.0196026383286932,0.00680371631910348,0.00861386167664247,0.00939055732152836,0.00698577236428634,0.0139651123907632,0.0127766129892723,0.0200604019803966,0.00367787349835452,0.0128834549781157,0.0116248372583658,0.00543406437676482,0.00594754005255173,0.00660447142300528,0.0128052363689551,0.0184293848618389,0.0102045129931794,0.0177014086572258,0.0118309391341694,0.00873563456123035,0.0171719743787454,0.00813203471366989,0.00808974358566191,0.0138705617207565,0.0111761028151542,0.0122575852042832,0.0034558448641351,0.00116805462096897,0.00742946395939535,0.0057463091622212,0.00614270453951976,0.013966649491138,0.0138966747971319,0.0123650826702202,0.0118297320547235,0.00446646698646364,0.0222487893582566,0.00815921391562791,0.00870980511373694,0.012706562431974,0.0160064544360261,0.0219476753434251,0.00898776062931852,0.00960205442238399,0.00832537561317553,0.0079009790745299,0.009561811971228,0.017294700390948,0.00332193776962703,0.00991725648372725,0.0176170952244616,0.0133039167367043,0.0116734274001387,0.00761070655459543,0.00939003968706324,0.00815586819383017,0.0103132724854775,0.0212823178209793,0.00579925768081084,0.0138021375198858,0.00837325676709755,0.0103466822018732,0.0175885354553459,0.00912706859303417,0.0112313292792685,0.0244096589141406,0.0115760401124645,0.0173490631745623,0.0120589787094972,0.0153723478742686,0.0193493360528188,0.0110937918183074,0.00756027865966138,0.00744614163976385,0.00804708159034003,0.0115037072565889,0.00419272434195234,0.00535244808201417,0.00691618735779422,0.00357916662828326,0.00838879668483911,0.01352465233951,0.0139357177487509,0.0165848900097688,0.00887266671646842,0.0102637229378429,0.010057823628892,0.0105955209145167,0.00668976976982812,0.0116344140185447,0.00604690119495849,0.00560638275204793,0.0155103511764951,0.00982590139952145,0.0142368252232793,0.0107298449242748,0.00426383892992616,0.0143695532334708,0.00653584172456169,0.0181093301996332,0.00886722387896111,0.00783038268182353,0.00666442327279702,0.00854367731508339,0.0216219429576975,0.0107769555893026,0.013414965876728,0.00702966025099886,0.00832917050853619,0.00937040595669871,0.0148682919780953,0.00774054715787378,0.012459438628256,0.0119421200334502,0.0121696168217679,0.0138286651464684,0.0188966555584874,0.00648252515846805,0.0198765661973981,0.010112798032188,0.0105286949918046,0.0053926545748154,0.00767204126094713,0.0110303371598371,0.00609865487345884,0.0174003046117215,0.0168233471372816,0.00860816879293708,0.0106453945015069,0.00867021610531297,0.0127863331874598,0.0102297255821944,0.0110877226169693,0.0224953815985941,0.00635592723100579,0.011415944570337,0.00887393743939317,0.00914054992247595,0.00560744865034685,0.00854262172164191,0.0147340706406898,0.0108970391546176,0.0187186386518153,0.0120739536167,0.0234824193771438,0.00706488951071157,0.00979740630194407,0.0142042381433454,0.00885186062004521,0.0144314094397355,0.017036971814024,0.0178659302394799,0.00997177663929968,0.0134138491581106,0.0116355161383932,0.0143645530347196,0.0205388849992676,0.00542873338756813,0.00519152131854544,0.00567190592669205,0.00757325886568714,0.00647091620264671,0.00925908916135003,0.0183205991365284,0.012564479810792,0.00798316211884398,0.00904545759275075,0.011610358001941,0.00695609497538174,0.00756433865785981,0.013587716151385,0.0137721462969829,0.0233350181618233,0.00938641225849185,0.00338159737589196,0.0154670246057682,0.00856817235640006,0.0155698787246442,0.0147080114948586,0.0121491429598735,0.00702477111877923,0.00835449584507797,0.014184414664363,0.00492677992021145,0.0219619860279053,0.00971540759093155,0.0210303821699115,0.007036979504977,0.0179177549225983,0.00980418518644749,0.00728051302925698,0.00777751525419547,0.0116585940181858,0.0100195469946921,0.0164377406702657,0.0218600903924488,0.0156040151634713,0.00511148551184746,0.00915983208133218,0.00966815174818908,0.00718592205624397,0.00991324188425289,0.0142904152733249,0.00866530996156373,0.0102725005032127,0.00560356273258916,0.0189779850662765,0.00382361427062231,0.00610443364118955,0.00716445588991347,0.0130389864241909,0.00800554211461844,0.0087278799212099,0.00605377000692309,0.0161149817953161,0.00736759696515125,0.00550589591361798,0.0261958548647219,0.00633899215491094,0.00799756240806254,0.0111810955257096,0.00492641716600806,0.0163960371105731,0.0178753099756842,0.0124555876950461,0.0112231839438342,0.0104584129006338,0.0148605507619013,0.0148361239609089,0.00511310526627943,0.0252356205338835,0.0105423049903031,0.00953097268374575,0.0125581537679645,0.0254040089401003,0.0113999309414538,0.00213272752332372,0.00906764942348174,0.0127186881687553,0.00706388459558941,0.00441352864374722,0.00936419656603996,0.0149689186843246,0.00793112668826224,0.0161397186937847,0.0249306417571329,0.0105561691324145,0.00567257509002276,0.00715750721107922,0.0179910044462321,0.00999238581260037,0.00616932798863451,0.00845651961302454,0.00740374642175712,0.0103161153339199,0.0133119216476568,0.004021982731973,0.00497623714721766,0.0095607654344827,0.00156560317628944,0.00846241696170696,0.00704291774473859,0.00693819755362422,0.0106698176603697,0.00676902659337116,0.01152415806184,0.00621563263430584,0.0141299118911033,0.00569973354110183,0.0155758775138769,0.00792720637852627,0.00815218516848711,0.0101745254948929,0.0289654642698857,0.012913912699375,0.00645962421522221,0.0112241260895382,0.0147792472225846,0.0111821083511341,0.0161920246890496,0.0118718807111559,0.0124166210684899,0.0198564614086487,0.00260095560568122,0.023398207557876,0.00744883325474614,0.0145529924765497,0.0110827281415475,0.00499596193346674,0.0173307257349927,0.0118545150217383,0.00717166371141642,0.00748589635761299,0.0227980933248255,0.0152751341864487,0.00811743273632944,0.00385827908777738,0.00529208687200614,0.0129107315958024,0.0190979632651588,0.00692992872213052,0.0127506148435172,0.00710648847236306,0.0126263692389008,0.0132874318738143,0.0152818383548786,0.0135919983783827,0.0142241546855436,0.00424914014946929,0.00452690204464201,0.0151489636719018,0.011376592398798,0.00567257478196352,0.00683808515494165,0.0102110591817473,0.0094646936125767,0.0196109239373212,0.0104899199830326,0.0133163420012006,0.0105093269766708,0.0126340514145132,0.00422501366875988,0.00614001667904533,0.0120885460161043,0.0362549954906082,0.0102459920782694,0.00822147635292039,0.00653643507906164,0.0124496982096719,0.00802522037837307,0.0037957518946811,0.00979004955592629,0.00623168511685242,0.0163813600354504,0.0119776732907563,0.0115597183811428,0.00501358587869721,0.0080203544183669,0.00983719486854586,0.00304273630769786,0.0157738136571044,0.00794723193113911,0.0159258592064038,0.0140607718787718,0.00666364987220019,0.00829328580064435,0.0192905943907082,0.00424944698088825,0.00712116799582413,0.00698526675576553,0.00741853781192829,0.0190565443090535,0.0124865124211959,0.00915334745426623,0.0119024726952521,0.0153853213044845,0.00536029880074242,0.0104231267716889,0.00395651794577895,0.00866738935743934,0.0139979302457708,0.00971357566797282,0.00528662433995566,0.0206355214271446,0.0109788514899759,0.00921532368759615,0.00795514659390663,0.0101637328153006,0.00756623215733541,0.00951855218355552,0.00305457401055002,0.0177157058240998,0.0150715283740008,0.0250114468748504,0.00982816305316542,0.0114148965694837,0.00779946862334537,0.0138853419867074,0.00189600178727219,0.0176075370394633,0.0106129581991095,0.0158405922038392,0.0186109308038742,0.00883528003509088,0.00767628476131368,0.00312443396761055,0.0123959044099271,0.00633200993226157,0.0299783415039596,0.0168259297133151,0.00604674685689914,0.00756428144718467,0.0185125949478983,0.0138200208908931,0.0129525633838816,0.00822377070543767,0.00611373242872513,0.00629100946196326,0.00707553342569019,0.00348779817978495,0.0140154734163777,0.0116550057049163,0.0191938826612534,0.00880550391553529,0.0109875894390528,0.00494146526300543,0.00684360725502851,0.0106775063845487,0.0119875193786333,0.00987757997415695,0.00954665850788452,0.00381885110780874,0.0137459033873163,0.0141800050657595,0.00594006249765542,0.00612763873197723,0.00477851529221646,0.00617711890634981,0.00927034389299566,0.0124872603251888,0.0110786737171999,0.00515673873920965,0.00664814045062008,0.0068039008197528,0.00901526530550861,0.0187559640160433,0.0102347730658725,0.0143238786775804,0.00980152861231948,0.00550716403297972,0.0169471987371544,0.00934111914263031,0.0109697141197242,0.0140168271557469,0.013171444372693,0.0143125091684921,0.0114877712305904,0.00913480282674136,0.0154885454859567,0.010759639249393,0.00955953283272378,0.00908690665842299,0.00429707631002665,0.00906210942619527,0.0217705255558778,0.0129957638755428,0.00405105182446149,0.015713052289187,0.0117371903106105,0.0100716934580402,0.00315650145809961,0.0218525410572429,0.00766788433541458,0.0168908975097249,0.00634281468532825,0.0054140573936309,0.00941729475194085,0.00941213051360264,0.0117402322579376,0.00980285780317728,0.0115310232692989,0.00995268539074699,0.0131494113650508,0.00576302714487901,0.0141544359518508,0.0161802751595706,0.00643543982169766,0.00525930258652885,0.0159296343484573,0.0180604756186529,0.00460786701171923,0.00684092479567204,0.00838329482751123,0.00475421253631545,0.00511050171821463,0.0161637393741634,0.0128619777247217,0.00441563304953017,0.00969743696456223,0.0140538372439849,0.00310771322562436,0.0118237785187758,0.0157593010912705,0.00883812368952486,0.00871303844454017,0.0125435521514531,0.0138810246633774,0.00994870998270364,0.00398189581348616,0.00498425543057144,0.0118645037701027,0.00775076738248265,0.0227425951372624,0.0155534021935208,0.0306044300018148,0.0160224638188395,0.0173727407083554,0.0132696037677993,0.0114098476994751,0.0161109656703574,0.0165414633803765,0.00796173225572955,0.006592085509717,0.00906597058324995,0.0178546697006285,0.0104321493783606,0.0145127848764273,0.00601869292085825,0.0104689084893617,0.0154751381490237,0.0101064214791773,0.0120246859562394,0.0066516993334678,0.00993745899340657,0.00731056312872097,0.0106587728515404,0.00894898487756155,0.00907362961413105,0.0173318144291189,0.00529624613793199,0.0126493677208491,0.0121795155566795,0.00654485058910783,0.0108023076937791,0.00527109519535133,0.00922358250176812,0.010333572183805,0.0204379158024751,0.00674020669776467,0.0108637498358625,0.00446179028102437,0.0067623123100561,0.0131032114383114,0.00311529392267575,0.00480952914880119,0.0162186373274006,0.00662297799801588,0.0113953368629259,0.0202232135703406,0.00484894669967787,0.00629677496750599,0.00887513761880117,0.00705015558941735,0.0142805695336092,0.0113542018375555,0.0126098667275228,0.0166550183254031,0.012036559462327,0.00784763971853112,0.00982745003695196,0.010362409489834,0.00667603990084568,0.0133910591247294,0.0188363487334934,0.011926753369514,0.0135911308521509,0.00839513831257871,0.0166954855207448,0.0119126135786555,0.0285692263590538,0.00716259205611216,0.0066158810307394,0.0105092433048155,0.0130471634316889,0.00927366615544804,0.00619033873578752,0.00324214221207527,0.0166947866381235,0.00917997580127813,0.0181881680736504,0.0109335162376859,0.0121912702036265,0.00842880471295084,0.021430659701792,0.0103369006370603,0.0113856618870564,0.0111930619449461,0.0141956558278337,0.00523444972565394,0.0107990106380554,0.00645826603159537,0.0121420055084289,0.00831086419400221,0.0107091918875348,0.00849195225836404,0.00735351301481681,0.0139471672526008,0.0107070532303089,0.0130414150311541,0.00754554935208995,0.0162035942981656,0.0121757501712189,0.0219397964448947,0.014058568837153,0.0167127122306913,0.0146286685105151,0.0123802061323599,0.0117910629360839,0.0085559152645804,0.0132085328260167,0.0189607934561496,0.0053616410176439,0.00858004789423245,0.00952384524355049,0.0096009908371445,0.00954555398319738,0.0141353218126561,0.00549368947521136,0.0123059120896959,0.0193103379701463,0.0110622401224828,0.0109208030486302,0.00753963682589306,0.0155098214007021,0.0134951893951276,0.0108649006952112,0.0154724785254252,0.0126709985060949,0.0226387248203826,0.0110328939830292,0.0158497508045469,0.0126921767810411,0.00484063786794272,0.00727772630825476,0.00239489817522896,0.00816605250460791,0.00508808139395589,0.00819971122803442,0.00653503967284142,0.0109283464833687,0.00957948493975519,0.00445344589561791,0.0149933152841806,0.00928905969329314,0.0154705393126179,0.0154438363967948,0.0164878055771242,0.0154042851875578,0.00853621499852159,0.0126122151535351,0.016590832947751,0.0173912761104194,0.00179347492836227,0.0105312964213572,0.0185031375346399,0.00503376041873125,0.0160183251351245,0.00701962766332659,0.00906049139994656,0.0152263229343629,0.0147352956192579,0.0112621333257348,0.00873671722228416,0.0112592847434407,0.0105606222804725,0.0132012032008823,0.0119133134893536,0.0112129366344657,0.0109137591051293,0.0102387562919309,0.00748685185938471,0.0117939625998595,0.013489655232339,0.0154831576111356,0.0129965732978838,0.0187992436871117,0.00492204342567123,0.0112605301251357,0.00868454503425055,0.0111418786441858,0.00806360491384637,0.0173589610942785,0.00290751516788098,0.00811964751520675,0.00983403249294716,0.021525324208748,0.0210331580480758,0.00926584927702634,0.0185098620261764,0.023083050237073,0.01466762047223,0.00630299797218949,0.0125018161491156,0.00859453988529254,0.0057803436825267,0.0112816911935389,0.023270573575192,0.0139464849330567,0.00515973646425548,0.00642061028150539,0.0147550880359757,0.0079444285415039,0.0100384346096966,0.0127110097810433,0.0134430680519329,0.00417804664564238,0.00458720541232475,0.00765067596935628,0.0171952917816642,0.00905714452259697,0.0124842242242748,0.0112683536139344,0.0085307202347477,0.0108629169993489,0.0100194931157436,0.00672498426378704,0.00539567055326751,0.00493835098176881,0.00912941201439262,0.0162100840726814,0.0107696972428052,0.00770952327784456,0.016516245377939,0.00268097953030329,0.00767528207479205,0.00828913410911131,0.0161120455159934,0.0139415012744955,0.0145577109386918,0.0144762744257796,0.00985615993944082,0.0161532984957543,0.00570392240509428,0.0107313197353785,0.0184624794511104,0.00282354333810129,0.00119186664799405,0.0109219014238972,0.00941150357970849,0.0100774297963696,0.0145043387467681,0.013990023950347,0.00669802362472631,0.0101083800513929,0.00364662550573541,0.0152652855585523,0.016227591173534,0.0197891190076685,0.0103765267722519,0.010369656768795,0.0109663662499143,0.00964383408834955,0.0132810384422062,0.00381705819390885,0.0142692287211486,0.00967257588632918,0.0127148135353094,0.0146720429627623,0.0182256301310808,0.0126600979847954,0.0112869267784174,0.00122427814863311,0.0106323976379589,0.0195443726054627,0.0149430796559626,0.00299300633741719,0.00394139497231706,0.0114878480111289,0.00432316207384823,0.0112790574308146,0.00465803841230739,0.00857362591914098,0.00517484267833666,0.00947290363553347,0.00595641165772444,0.0108413572531078,0.00846771742708106,0.00531964850751752,0.00820602424222476,0.0110141880272068,0.0089955192565444,0.0207800705146169,0.0103828550447824,0.00869186607328985,0.00500136425071929,0.0084261690333872,0.010721389613847,0.0217982970561046,0.0199015087302796,0.0110458233776488,0.00590856837878823,0.0101962450140147,0.00757761756234667,0.00929558419658999,0.00437823669777463,0.0158401934996752,0.0112499859987234,0.0130555406401911,0.00667390065766112,0.010074409037966,0.0076646009451215,0.00459016741178175,0.0087299142774917,0.00910784662348442,0.00954554361249273,0.00587981215263652,0.00844218639943184,0.013412701130921,0.00868752293365481,0.0121663590223125,0.00650920908911322,0.00843920282829715,0.0119385020605352,0.00638852161130336,0.00740888200093431,0.0116408852911178,0.00758119195844304,0.00722224553519877,0.0103764612160511,0.00730314488720226,0.00479503362817529,0.0216338273176378,0.0103896049020168,0.00853898101987199,0.0116258640526471,0.0130515807218468,0.0149176415564915,0.00609320421995544,0.0110497144962857,0.00441957211379833,0.00400954461394987,0.00716905023079636,0.00931586101263993,0.0101913623294087,0.0125807664885707,0.0127901038002775,0.00611521318755422,0.00750618857430737,0.0174842684545564,0.00528864282795264,0.005973056520232,0.0075522066246832,0.00908961806886205,0.00862955873865049,0.0130464142713782,0.0043672369094979,0.0108839279797735,0.00832222075610832,0.00526163817370473,0.0153567123758696,0.00894790636908555,0.0299940709872717,0.00753861615812298,0.00949478844028971,0.0110496956741183,0.00510484247049446,0.0076371122872953,0.0059055677792965,0.0179117472992187,0.00781146684609348,0.0134379397672013,0.00987692760285077,0.0123646483444207,0.00559850415679632,0.00699070313146287,0.00420432117324169,0.019214880690763,0.00904201276813552,0.0155597047924051,0.0109808397512343,0.0102900555590329,0.0148329387580519,0.0052220953962868,0.0148406193694255,0.0104386237405989,0.0144280300457653,0.0189715302169396,0.0157334948706692,0.0152340999126577,0.00965726133278599,0.00971122715143304,0.00797912788147341,0.0162659881149651,0.0158724510844226,0.019035200126002,0.0115668457750709,0.00519867077401022,0.00887141514648635,0.0100688508112222,0.00368908557211226,0.0128612114847054,0.0140930483309471,0.00609201955670089,0.0159388791958112,0.0153563528964435,0.0232971437918028,0.0119190543649559,0.0104408287371249,0.0130160377948294,0.0149261917617357,0.00811545703356142,0.0138529661221411,0.0156760684170748,0.0128106408151921,0.0204535525717106,0.0145357128389565,0.0219193092859075,0.00851599068803738,0.0134401307737977,0.0151238212720742,0.00845730306631912,0.0180083113305302,0.0223544517893508,0.0212456982031845,0.0154076879333433,0.00847643910156972,0.0126254934692024,0.0121142416991808,0.011002913273881,0.0112517204500181,0.00906522719754854,0.00861449730510866,0.00743053877450263,0.00844227999077955,0.0117747106027111,0.0122405287986885,0.00698714357560308,0.00961358902581544,0.00916483897242454,0.010307454702866,0.0127030928402862,0.00797460623492989,0.0141068787950422,0.00977703476348783,0.00549586825724618,0.00677985943884653,0.0175826956351889,0.00595593938242676,0.0068746815899763,0.0212051569935846,0.0135855893443054,0.0174360081317983,0.00609079701568508,0.00694218005705042,0.0154045358883298,0.00538654207262262,0.0147042655587138,0.0134800622565063,0.00679994909175352,0.0272875714341779,0.00884132141080666,0.00692283309495504,0.0156172798490524,0.0110853598654429,0.0206746999323231,0.0109003120670714,0.0134579831924062,0.0121854072290995,0.00724455360929127,0.0108445647142292,0.0249348908982214,0.0160211834493159,0.0126870632576713,0.0125781103116187,0.00962209605360774,0.0123369734964612,0.0113499441032959,0.00927977199557293,0.0147337578384827,0.00719580219408015,0.00693412917454161,0.0126956607532286,0.00732326691382209,0.00680296561435038,0.009696526876919,0.00594492281010489,0.0124073740413645,0.0101007200070273,0.0118601997946413,0.0161802733228543,0.00787649079816751,0.013076254852892,0.00601383726334772,0.00569393818857187,0.00900406211901978,0.0103235921379706,0.00962896543521404,0.00478113873263706,0.00608041441472079,0.00878349117351246,0.0100769193673797,0.00688345289867237,0.0155002861903652,0.00606660535705091,0.0127898156163168,0.0185596058002909,0.00592274084881802,0.0144375320711784,0.0139015959019229,0.00328365237687628,0.00789106147755201,0.0132484216013765,0.00852467453558087,0.0100515302099552,0.00430022764910689,0.0100235571485018,0.0118909203204353,0.0119499471367897,0.0218780254638121,0.00544370873970492,0.0088946114258713,0.00612706910180514,0.00770918828372025,0.0108207549339524,0.00443444065261463,0.0249292164874656,0.0187780097279181,0.00685476013334406,0.0107039058363038,0.00936344053870323,0.00446830067092267,0.013871654794392,0.00844878985965902,0.0109374193229421,0.00721587833826829,0.00795287644073687,0.00756439843863936,0.0078146922592728,0.00987192467281611,0.00415986393948257,0.00830391368618486,0.0104212693523504,0.0113674932642281,0.00890685889599317,0.0135751761723087,0.00276692705544547,0.0295295759252962,0.0163981237720066,0.0150353799924917,0.00817976910992204,0.0103034866235653,0.0103922688165057,0.00282469559086816,0.017697753814161,0.0126693205563213,0.00438149992671927,0.00956176358813149,0.013486758268946,0.0125070821943107,0.0120346212548632,0.00905840957392473,0.00743218434195686,0.010903480677101,0.0233810907331669,0.00366717310046224,0.00442794470175419,0.00617329884307832,0.00876495696022001,0.0101045458425419,0.00687547189343796,0.00838518241684387,0.0241166900922298,0.00731456406234386,0.00696172641903303,0.00658257670863371,0.0218159324698034,0.00941844442055732,0.0198906751672832,0.0166916289175284,0.00434458576930561,0.0106389032683268,0.00877090126555889,0.00777268325423304,0.00820160489652285,0.00771799289377088,0.00605657664642038,0.0197354300170333,0.00851986102184003,0.0123803979715448,0.00848844866187901,0.0189283060450142,0.01910158138448,0.00656442548048205,0.00921741723858307,0.0115940001757269,0.00873298761609161,0.0132957655344588,0.00581111168803389,0.0110697761111485,0.0113432841456922,0.00619226998790666,0.0161800560128443,0.00863696052629568,0.0251915940716707,0.00486508771936389,0.0176245335643703,0.0135387508684055,0.0146280464958939,0.00940127164227117,0.0131959933218448,0.0213099226633238,0.0113489516223207,0.00559009306291171,0.00925578296667658,0.00756658404319005,0.0070414230601931,0.0256461394514703,0.0112146145164828,0.0168601203432909,0.0023138209837778,0.00333562431810987,0.0138856702211878,0.00931234053798661,0.0151980111434588,0.0150430940391625,0.00892698920290093,0.00609524436290789,0.0104126778690964,0.00669616043437116,0.011340126288664,0.0120173123627531,0.00561717673342619,0.0182139603820896,0.010436452172183,0.0108802688468445,0.0246964644490667,0.00715781948166331,0.0217265558961282,0.0129648156501982,0.0138317339584453,0.0117871224527819,0.00707333156129532,0.0118062227670164,0.0116838696249701,0.0166339758702119,0.00946696568057079,0.0123096135803587,0.00411384827328948,0.0132216315188645,0.00903333531087543,0.00595797749295738,0.0059206735592689,0.0264538640466636,0.00877696188501226,0.00813633000811535,0.0082968340301328,0.0108237243696732,0.00510081065257867,0.0077266798128095,0.0153518734583001,0.00880324845478547,0.00840205820064253,0.0053694518402202,0.0160807043350506,0.0159249165806677,0.00751647614486099,0.00800705249170615,0.0101000918472628,0.00360143204679745,0.0100462820990048,0.00755400192442372,0.00911153626125982,0.0152040910198369,0.0129611409145886,0.0227454890535989,0.00667215059412429,0.00839946005943073,0.00665581623937765,0.0138601578326589,0.00423719299883659,0.0113261913261607,0.00742097064014637,0.00975785956942316,0.00204607748183588,0.00454345498728459,0.0108983184973732,0.0120576589139791,0.012833833965151,0.0161578611485591,0.00895472433121327,0.0108198478488931,0.00642662280283111,0.0048371330403771,0.00893902769999129,0.0155920957164404,0.00981713333912667,0.0146829068014883,0.00779030179654944,0.0126423142496527,0.00412928620374916,0.0058408378402263,0.00746758170665544,0.00497134595135137,0.00763148658967189,0.00677350910485214,0.00233502819925796,0.0186720582200776,0.0120169699359091,0.00784273766849425,0.00440087094856589,0.0241171716395867,0.00401959767715169,0.00924349334278873,0.0106529331091226,0.0109697168907867,0.0258920803553556,0.0129205179839944,0.00247018653395992,0.00881010893259212,0.00528136977595874,0.00913385542955503,0.0179689121313561,0.0117020695502579,0.00929496643644219,0.00541896506952302,0.00634934523802446,0.00841056549924798,0.00582298876844735,0.00808347135210683,0.011966973499051,0.00299914498726794,0.0108874618601735,0.00730917083319264,0.0060653853657973,0.0154146549402521,0.0196910025210862,0.00763122906204712,0.00961485151144559,0.00495513217068881,0.00263773807892122,0.00465396667380328,0.00808053021083869,0.0153071901032122,0.0209391020015512,0.0351024893112268,0.0141399731774625,0.0042576489420195,0.00749054273114754,0.00440382634059385,0.00805350539081839,0.0265961797189636,0.0115334197537909,0.00346854397618908,0.017103455996952,0.00894988645931716,0.00687940826946295,0.0184938250747504,0.0215786280761538,0.0186254412899392,0.0111902160191638,0.00809076880980773,0.0142525433394074,0.0144717557620047,0.0119462528569515,0.0154857711014597,0.0160182308691335,0.0129073780148569,0.00754862081661365,0.0117832314637767,0.0181456913970576,0.0153339698674774,0.00777141610472482,0.0109944819016825,0.0163492841464138,0.00684995893982574,0.0112507663119138,0.00801696581346304,0.00940055904073696,0.0122517285568441,0.00664642009259133,0.00526207524099931,0.0105681853413229,0.0134558864818528,0.00918533735383651,0.00473172524150106,0.0241911118040801,0.0135689952425199,0.00883530015129745,0.00733984643510867,0.007028281140994,0.00144824288990975,0.0164569400596148,0.0153021590600627,0.00925862720679377,0.00789439413243646,0.0139026924110324,0.00835380982525328,0.00599426102799341,0.0124040546652618,0.0090769309393954,0.01918775615378,0.00878369619176541,0.0156927111855011,0.00813807428085202,0.0148170214101381,0.0196324233771894,0.011260933442154,0.0100204016253819,0.0180877577073933,0.00797910234390105,0.0125249444940892,0.00302978025439045,0.00353867739073364,0.0188230090511514,0.00884981682066668,0.0145126516561041,0.0117835999524401,0.0138494695872157,0.016930972096387,0.0101312277272649,0.0147246491253032,0.00977688583836284,0.0115557592577166,0.0253525260553328,0.00283347963689886,0.00879937505789432,0.0099508145626955,0.0108461828149848,0.00955924079135623,0.0189269849872614,0.00508090358804858,0.00633188339512112,0.0207098195628278,0.00774939001972904,0.0147933772993087,0.0142692642140442,0.0162031118464002,0.00992490996594266,0.0063524320494089,0.0127503922869994,0.00565932215472648,0.00832986988400282,0.00605330228695757,0.00797834737841498,0.00956995289200696,0.00436901989690835,0.0147298885844904,0.0174921521784075,0.0123775559756149,0.0207702008708042,0.00699685113453404,0.0124528162263452,0.00608450316623295,0.0057220969759814,0.0107865553838962,0.00530156821219692,0.00538424297596446,0.0102285611355269,0.011818731898253,0.0185696264526858,0.0123237588068053,0.0101173079044281,0.0140084341480906,0.0142808317665182,0.00570982293623423,0.00701804568233979,0.0288027866546665,0.0134567873148294,0.0106805240887759,0.0069034884386297,0.00937560386586565,0.00988067177714832,0.0147270016255043,0.00562865246779463,0.00843335792586142,0.0261053197659365,0.00447199900659995,0.0194513321391572,0.0114523500503843,0.00735134475771817,0.00155990225671987,0.00630561928164377,0.00767438845270591,0.0196501232378091,0.0117479100831127,0.00229223209272439,0.00919019311976651,0.0104099490068878,0.0145351443676317,0.00742555412971748,0.00805913821701345,0.00584679148989366,0.00462255629337125,0.0169584424940982,0.012510352689037,0.0180951744278818,0.0121985835024005,0.00919835351647428,0.00246861904620643,0.0134217223509338,0.00386055621024791,0.0121662912323582,0.016291507176328,0.010971124483848,0.00560468811753256,0.00873203582669765,0.0250491950356434,0.0134559835681644,0.00431552403975881,0.0224017453033188,0.0289754733861301,0.00705714181752148,0.0120754329332691,0.00261334215988098,0.0102517931453869,0.0141824800310953,0.0141262706731755,0.0153428864920721,0.010395868397231,0.0113537611556281,0.0121828506273966,0.0108312754759663,0.0118319539430021,0.00927997801296101,0.0091835229445769,0.0115787006107033,0.00593186877263718,0.00456250065322985,0.00831115725899158,0.0105718764219246,0.024471852485544,0.0179355484253444,0.0114681898541149,0.00480580214337132,0.00718117031240097,0.00668977313211422,0.00992521094710012,0.0141229083651326,0.00773057697557777,0.0130111529540659,0.002339765077687,0.00660695907940697,0.00898292347296988,0.0123034283918044,0.00652931791142192,0.00598880175220806,0.00657914965342266,0.00731081157021102,0.0142289504601105,0.00733240414701256,0.0170260035972144,0.0198583512087316,0.00991351880477002,0.017249797274995,0.017272307768044,0.0180625275870204,0.00641193310524209,0.00738528710690387,0.00766620235361859,0.018603823868802,0.00735248115688891,0.00572868766748223,0.00473464532953129,0.0098542355190329,0.0100893872113754,0.00567381241510826,0.00695161130007554,0.0104504136497008,0.0183324205157674,0.0132107456719739,0.010039953317964,0.00862371755040144,0.0163571438932231,0.0114949848762969,0.00953026199716924,0.0132267966132768,0.0149260422091005,0.027174898720565,0.00426439740159396,0.0258120988437255,0.0152708103153549,0.00594254933265759,0.013115961673118,0.0171075365902792,0.00573528283202213,0.0100471878577441,0.00424233464920459,0.0122205410375471,0.0178374942414868,0.00655429162140977,0.00672260907898755,0.0127882319102462,0.00710744120818269,0.00760191812954188,0.00742748476862939,0.00765653316496552,0.0146236418639631,0.0110304784196758,0.00624628160139086,0.00728307159391108,0.00531253972192573,0.0221827469337666,0.00798979214531213,0.0207783678109561,0.0105805470529003,0.0246564716626159,0.0141843602606508,0.0219305136667451,0.0110909405687553,0.00943625585634454,0.00777855768906494,0.00962379023903598,0.00854385774573246,0.0104324895860415,0.00497462326994369,0.0063789570128119,0.0026124647069037,0.017103285032368,0.00978867772870754,0.0115208866912177,0.0137953355683206,0.018927172720785,0.0137267643929831,0.0162985310746694,0.0077423430399252,0.016467482457441,0.0114307196469845,0.0132949474966861,0.00847416551726005,0.00434651890168308,0.0182312865767641,0.0199837933701671,0.0169429922000535,0.0046523157991199,0.008745577640216,0.00782532623206385,0.00865835210107787,0.0166031060375066,0.00719305129732338,0.00830801983450989,0.0136791493817066,0.00712435780469376,0.0052658645864482,0.00290405651158088,0.0128974368391432,0.00717397681116683,0.0193080006559484,0.011028353757244,0.00345318149375734,0.0110403617539978,0.00776462219029384,0.0102519048003097,0.0122045525393212,0.00375361187894128,0.0062324998264736,0.00946725460053964,0.00312919164859364,0.00410208395144085,0.0149341848902365,0.00716925153810619,0.0200295202814009,0.0227753523613721,0.00931835366693729,0.00701832053128221,0.00556890677682387,0.0162469267342412,0.0063743587221564,0.0224161841650224,0.00397500587191853,0.00265005543969008,0.0160195775271582,0.0145413446416125,0.0212463870576286,0.0121878803173814,0.0234370609652154,0.00866384889797499,0.00691445969451336,0.00399658757582712,0.013376224114642,0.0108953956424005,0.00417282123685645,0.0128431903556532,0.00320092147711994,0.0125116473462306,0.0124283338573404,0.0136954803103817,0.00639503790900085,0.0114739267165788,0.0122358890427315,0.0143695386020131,0.0081416518964023,0.00524819211522813,0.0061772739261501,0.0151094056558359,0.00878786043130197,0.0107997884636285,0.0170308576037619,0.00596221394192291,0.00872121287397452,0.0132239641481474,0.0182950583446778,0.0102366597499656,0.0100504885901987,0.0123084017244502,0.00515613896886859,0.0151920428234905,0.00991346022378233,0.01718775611826,0.0133486802428996,0.0123493227031587,0.00687726239713573,0.010982479007735,0.0164414548970094,0.0125883920472869,0.0165222458861855,0.00900443008935224,0.00751880121148979,0.0119927172801,0.00430839583807169,0.0246181610285662,0.0111408333978976,0.00446141705671887,0.0150762612229507,0.00894655180741849,0.0343280172437871,0.0168023194350555,0.00692420618404991,0.0204952331850833,0.0217144281653744,0.013500051607573,0.021003420274695,0.00472912315752192,0.00854144448709659,0.00515203866706702,0.0117154996438432,0.019141325877845,0.00596900761462247,0.0123635337479178,0.00901695780426626,0.00701911965987922,0.0220355854843284,0.0189871521030755,0.00988227549617147,0.0113732535971564,0.0103116763605241,0.010278989206131,0.00887477118575392,0.0115054987793659,0.0079563652928333,0.00934673867010575,0.0164339609271237,0.00807259486020697,0.0135436251356845,0.00517229522344477,0.00266509142432336,0.00706573185680054,0.00442523244026899,0.0114112293052113,0.00880661797988917,0.00592679327520357,0.0107820371051231,0.0223444308816519,0.0187977886489508,0.0153926847004386,0.00378697000712882,0.00872385288812035,0.00759704135507949,0.00877217727365968,0.00898322387075821,0.00761314138522836,0.00252095124259549,0.00386358760380854,0.00719672147569112,0.01844298507355,0.00671528678939223,0.00656869588668074,0.0112659049832554,0.0131770027503512,0.00703196905381896,0.00524170250517505,0.00539626820402452,0.00797597506539627,0.0138796243709191,0.00556789562855205,0.00260485532560539,0.0104949287127575,0.020241289309819,0.0122592987997583,0.0108965690665435,0.0090932594487607,0.0122897228377252,0.00633538259196985,0.0150065425397745,0.00618768718592746,0.00637451387526664,0.0059478527836974,0.010049176862244,0.00751333109278602,0.00752126857604106,0.0072843053833115,0.00715214308013285,0.0112952046655725,0.00785567758443756,0.00465696938975774,0.0184473458410777,0.00721730074892885,0.0118869116392235,0.00348243239971117,0.00949655647255934,0.00728358924345198,0.00414211340627977,0.00505398804349118,0.00835534780286862,0.0141571702885007,0.00760065563040794,0.0132059230015638,0.0259070231452292,0.00933454453749897,0.00980188358400369,0.0154713911480833,0.00724807959396417,0.0088283181633869,0.00966449212149157,0.010574101962463,0.0102681281085831,0.010476744573574,0.0122714774282208,0.0205895417312379,0.0103574103541458,0.0121130741013172,0.017010959990532,0.0115805231769516,0.015891473540291,0.0116690079106557,0.00995355832520123,0.00766332003266695,0.0100133732970979,0.00404154019717336,0.0139262884431839,0.00989217061333039,0.00599472542311665,0.0126832582945649,0.00847067653170521,0.00781163575360709,0.0078332910454818,0.0069375552502231,0.00963454638323537,0.00849235812819299,0.00843298927694628,0.00384135085952799,0.00743851037416377,0.0120037366481091,0.025452766854934,0.0082216150567111,0.0114026084640769,0.0111307111538454,0.0166645848631332,0.0130896804063396,0.00853382328826827,0.00884069878550806,0.014272339856953,0.0138333252331495,0.00596593275626197,0.017313972168835,0.0212662255998572,0.00897957367460752,0.00369757748993908,0.0232757265234424,0.0134305099892976,0.00459725130328109,0.00876979370433954,0.0136967121642175,0.0131804562221273,0.0137221577566555,0.00996008602777789,0.0179037786670401,0.00688048867834714,0.00723570168306326,0.00803589547940873,0.0106750754400045,0.00757383993334774,0.00376249225978254,0.0103281461852038,0.0148465559509284,0.00349706128290776,0.00669242086642957,0.0120737515837192,0.0201958314574848,0.0173717536293336,0.0115338599927438,0.015351521795873,0.00978041361510157,0.00467820517049696,0.00779013204747977,0.00319786368379293,0.0121575393494264,0.00849401737637545,0.0108562115289686,0.0213524837805022,0.00800391143601766,0.00917228748395562,0.0162248310895921,0.0240455553667063,0.00729895966648725,0.0129027645972291,0.00951876899065498,0.00499894108984367,0.0208527390319545,0.021374959495663,0.00198166906156052,0.0122585599258225,0.0144054133504893,0.00497943236938001,0.00721083215421411,0.00670928532563852,0.0143853120131653,0.0110127259210851,0.0117865566466701,0.0110299496474268,0.00752549572286082,0.0137958802668999,0.00755604376973886,0.014744966408199,0.0047832708951492,0.0298108594946626,0.0153845221847567,0.00898947915812335,0.0105592124336817,0.0135401977907496,0.0131879646376611,0.0149922605192189,0.0122350170096041,0.00542296148040725,0.020585628433466,0.018134521882053,0.0175782167447995,0.0109592358038005,0.0105171172457987,0.00472741517323596,0.0201614414078861,0.013858355252898,0.0151960337803292,0.0113327423230578,0.00837828323346797,0.0214742828381286,0.019200452932114,0.00573746697931477,0.0151437090501615,0.0046126300322323,0.010758432879505,0.00976336778991686,0.0100222861176391,0.0158976416085579,0.00938885506610528,0.0150286314962039,0.00587948171302936,0.0090433293872089,0.013029226878692,0.00907971817063545,0.00357569066955258,0.00329297604944406,0.00500146328123289,0.0067024903923895,0.0061476994521825,0.0175132316557204,0.00332498597157839,0.00817606754521701,0.00522959487581415,0.00934696298215918,0.014267774207141,0.0105213170897927,0.00853585605524759,0.00506982810909199,0.0142859056459862,0.0160635683710236,0.00759146992871549,0.0176339475375662,0.0122287478021679,0.00925981102583066,0.0105371352027586,0.0111902025381735,0.0151083789718583,0.0115501226845677,0.0121459813611661,0.00813907093612032,0.00932721259670725,0.00830279330096354,0.0147718564165958,0.0111691984901503,0.0131215985821804,0.00737834710456919,0.00829167914213356,0.0123670261600521,0.0169803321206466,0.0125151037306097,0.013808074240075,0.0125559376722965,0.0046627119386111,0.0181207630558716,0.00917450684909071,0.0143530130855568,0.00986824192743437,0.00886275569023333,0.0143624451853071,0.00831489702860094,0.0103513929781509,0.0116777247268392,0.00498262840168332,0.0143273861786723,0.014011329857505,0.0150714343383776,0.0103712290371686,0.0110418820542786,0.00285945166842081,0.00726636285502149,0.011504889105006,0.0142197325334149,0.00543828325552083,0.00908484965947755,0.00410059531497805,0.00569813861708951,0.0143611490003272,0.0079743602176869,0.00973489309454547,0.0130680999596239,0.0103706396212488,0.00869803636572919,0.0138389364248714,0.0110722452498898,0.0121519703089738,0.00309145023594726,0.0101555133830061,0.0101519417873637,0.00632600042922811,0.00606963779170912,0.0175575428014573,0.0119170907959001,0.00583252770315679,0.0130807033927995,0.00985781974820712,0.0254573601356192,0.00715650686209799,0.00799885760935578,0.0122674159229058,0.00549296497068763,0.0138297646510607,0.0283383520795347,0.011124643832225,0.00746769140831283,0.0162138282715922,0.00987896253160762,0.00781421543346639,0.00711369710685243,0.0109338646026183,0.00652317305297738,0.00987998022834439,0.00654472871403476,0.0104666782326762,0.0214962511674276,0.00706621493572196,0.00529720487121142,0.00613478748405398,0.020604806013918,0.00405586212322924,0.0106091607331795,0.00988456821248722,0.00530958707542236,0.00140341730975942,0.00541962815499923,0.0142652048134856,0.00831623183862235,0.0106677662038041,0.0136213078187541,0.00582431166812919,0.0076384080382461,0.0118088637439773,0.0100415821444372,0.00922956317135513,0.0140929158862638,0.00349110795036474,0.00876184140208799,0.0122447149087832,0.0093803277346769,0.0117301683830714,0.0140616470338318,0.0121572318685221,0.0104854791081923,0.00535234085960451,0.00767949572915462,0.0111048499404236,0.0127610985604556,0.0148731426404968,0.0128214726286681,0.0149043462490705,0.00814259108976099,0.0144141013811309,0.00408530720525189,0.0112554900981572,0.00672663301749353,0.0110103615012804,0.0165552067070987,0.0115386143623013,0.00976023902439723,0.0118682275568315,0.0120000405833294,0.0140714192160561,0.0197956841143118,0.0113581664804851,0.0120432765306486,0.00784152269935355,0.0115945443060642,0.0180122481297412,0.00205902017741781,0.0105860863182753,0.0106410708518297,0.00783820585554307,0.0122032882772099,0.0229871761601307,0.013423731697613,0.00532300483675145,0.0192427317028181,0.00879214178307941,0.00786298336158932,0.0141824920549229,0.0236154261122818,0.0208988721922095,0.0177335428794409,0.0102168303058617,0.00945417580056516,0.0123493300618414,0.0142890987357249,0.0144363890827139,0.0105015202746335,0.0213400472423981,0.00574897304314592,0.00469562807402981,0.007380550409187,0.0226154918236828,0.0149304314104916,0.0105746031611319,0.0265981263781089,0.0050737047607287,0.0178417609289846,0.014281363243919,0.00705632532182723,0.00981628036895403,0.0068297680522881,0.00680318635510332,0.00513339786559412,0.0109232956142515,0.0120836915666059,0.00997572579257894,0.00750888415018684,0.0216994961527973,0.008757295185988,0.0126345101296187,0.0110474747491808,0.00505036918187054,0.0163536477136144,0.00413519235618663,0.0285701062804564,0.00561927999262209,0.0332860614973419,0.0148542975699913,0.00486303184427681,0.00567970729462253,0.0219655654016082,0.0184313420257231,0.0142478908587707,0.0129544629965716,0.00497913107028832,0.0154857777546317,0.00581311590303148,0.0192035305271704,0.00793381147681891,0.0108167757800949,0.00999745291851859,0.00782289377535139,0.00818073412980717,0.0151993448051019,0.00947541488377934,0.00713869154549503,0.00460377233917682,0.0114917406614292,0.0138315467337728,0.00832821705521919,0.00949294651262872,0.00177022974810589,0.0132052170211357,0.00734358828323463,0.0112538998293495,0.00451994388779079,0.0107366136535904,0.00298487382796451,0.0108340870978253,0.0072736129696909,0.0117716266914487,0.00216503593963852,0.0112811420413987,0.00595893385079875,0.00930421509298057,0.0123367351180362,0.00997309644530057,0.00882211923431882,0.0107664588381528,0.0134879206738223,0.0128391684927442,0.00864667025253272,0.00751772266494895,0.0205019574838645,0.0182356962518371,0.00472916321230432,0.0163169632200852,0.00232643861635686,0.00627855935261325,0.00735258189060994,0.00880953715217509,0.0110336474644875,0.0110909313927515,0.0105627293262801,0.00927340188651565,0.0131432704611771,0.0120786039182599,0.0108354444487523,0.00724038490964579,0.0110222367026975,0.00958428182282408,0.0066488778496047,0.0136431461648793,0.0107559998095041,0.016749472466793,0.00990687884273178,0.0127282242927961,0.00286718493863251,0.0180888321476376,0.00976427975289986,0.00666134097074837,0.0057354422228628,0.0068285439096681,0.00971534295238043,0.0174385076487858,0.0114134560316919,0.00675888478214596,0.00948541323580965,0.00697155940814063,0.00896987603754446,0.00673160249091988,0.0109206228263989,0.0032145070647396,0.0163250218002994,0.0149147387558035,0.00745657853595359,0.0105796671583135,0.00749709941008044,0.00826394682016908,0.00857916513430057,0.0161194570978248,0.0070302658598013,0.0194863723173371,0.0138271485136216,0.0115418166993683,0.00628801139421946,0.0264917684436039,0.00680086932654137,0.00460768838640163,0.00379894163450824,0.0090441760642811,0.0110746671002737,0.0141904005536582,0.0115096302192961,0.0086864221579539,0.00721084039110707,0.0172955281493671,0.00932098403362412,0.0159772343221814,0.0172691994466417,0.0133136539304088,0.0177169086917169,0.00956089549197422,0.00447071418771816,0.0102146054550146,0.0193989763078555,0.0160278628858996,0.00820523485608149,0.0112267758285138,0.0213067153766759,0.00991514356340654,0.00694810794161954,0.00353724396859434,0.0124266963912794,0.00479243051819073,0.00995491719029013,0.00647522218105725,0.0194288765389365,0.00862988187048134,0.010602119162693,0.00867032496819844,0.0119529171556917,0.01264076263827,0.00667317904198709,0.00544382355716912,0.00648562596899018,0.0114655197691794,0.0125557462006477,0.00376682061885814,0.00936648462914212,0.0131149354933776,0.00881729022762618,0.0123887951363947,0.0116710479538142,0.0102611717769676,0.014717873444634,0.0147748795158753,0.0125444863935508,0.00344426854762483,0.0124884508287307,0.0103483696059502,0.00895536046085902,0.0043617663493035,0.00751681514134437,0.0057606285535699,0.0122429073682805,0.00355369613402362,0.00547270241428799,0.00802078718914627,0.00780851208350536,0.0165709344576715,0.017608974457579,0.00448713755796411,0.0172294605709578,0.00760728390324726,0.010025729274765,0.00431247367145227,0.00510820106662139,0.0120644485294394,0.00989945102834239,0.0205748639348662,0.0190827505746837,0.0113258869466936,0.00521342549898442,0.00770079115275661,0.0071051710282911,0.0140461475845181,0.00715595727241247,0.0129261377716633,0.00831866422957576,0.00946963278546502,0.0125735091204557,0.00870234476460304,0.00913662835838005,0.00904684287658658,0.0123460950775202,0.00993682563100545,0.00682073966269945,0.00413894838743676,0.0101917908159531,0.0158665328236204,0.00624916458212438,0.00276804391892377,0.0158594629654391,0.00648780160628876,0.0169081352824294,0.0179848047701335,0.0015469191290766,0.00918224447989269,0.0073637067603806,0.0133078269884926,0.0131878553570188,0.0110037648172947,0.00551671290331962,0.0155980453360559,0.00796883595994373,0.0109945139757867,0.00470823795138544,0.0117730636656397,0.0130983798707561,0.0105134097982028,0.00691047667574979,0.0105973739432875,0.0211915450872535,0.0136651206776448,0.0147652412576013,0.0117645148491176,0.00578621555648327,0.00538593972631359,0.0174243202393394,0.0162973144167474,0.0135424248281766,0.0127526840678053,0.0122666476787472,0.00989618656610893,0.016598417477789,0.0119892005586722,0.011141188818231,0.0131065606979523,0.0140689221238193,0.013788249590405,0.00689178474786417,0.014817018844281,0.00928222669662537,0.00543030825874992,0.00935207591657533,0.0186918070124872,0.0105463241438198,0.0103283677873396,0.014903640743249,0.0185704520680498,0.0129907094268147,0.00669455178034584,0.0097106611909293,0.00856840361676595,0.00818624406985798,0.0194347094825515,0.0156747447378781,0.0063100268702122,0.00706815894302444,0.0114636376175005,0.0103757501844589,0.0090460776398528,0.00411320791358651,0.0133733935046778,0.00586895350734438,0.00807437682602526,0.00481249097735574,0.0142300442523073,0.0127109389514928,0.0119631866813336,0.00803914997964326,0.0162020298547355,0.0110879666977364,0.00937452133857705,0.0132515182538124,0.0102153870302659,0.0190542113527257,0.00904213206159486,0.0181032389080177,0.0259205140617829,0.0098736619718412,0.0151956503904456,0.0185221783656831,0.016456076467926,0.0085720514824452,0.010665478439513,0.0170306520829742,0.0067941573220894,0.0113201382663146,0.00637242357267703,0.00830879066612966,0.00844684759741943,0.0135799233488553,0.0140184730917338,0.00938100130346177,0.00975907676005272,0.0147899161956656,0.00879877982462385,0.0112636882179907,0.0176793916762945,0.00857417797478584,0.00630350788022234,0.0175487943973529,0.0228128894574953,0.0126144589134355,0.0117412250372095,0.00602181918360214,0.00959504510102131,0.0095370320810033,0.0194727845662576,0.0295107024887502,0.0198713041780783,0.00316566128266584,0.0239107326506137,0.0169457825522653,0.018751167780229,0.0239960179428183,0.0124493674398584,0.00977517109157703,0.00824180849947348,0.00619943887076585,0.0123118635924939,0.00497912499245856,0.00544128084778236,0.0217586478915052,0.0150078197009855,0.0167899789462926,0.0160207492482487,0.00865434482528057,0.0119264213021193,0.00695897253136522,0.0139040928179192,0.0140846953057321,0.00734789200953821,0.0065240070732722,0.0162417524127954,0.0161536838976407,0.00315935587677726,0.0119449453495521,0.013275084711025,0.0102862275979465,0.00889958430695742,0.0161134131637974,0.00952994478858299,0.0129164434491239,0.0165133436898025,0.0198471045526716,0.0145689107048082,0.013094640804473,0.00980684674454593,0.015141003828435,0.0201474757112297,0.0160328939763165,0.0131364039259155,0.0156033732099431,0.009863643172949,0.00670964026663453,0.00172456477496691,0.018639585626803,0.00927093047301901,0.01298535196121,0.00748345125543432,0.00910311193185531,0.0170297910654394,0.00589597832347257,0.00774969568719636,0.012664966500113,0.00742160515669889,0.00871883135113114,0.00875253068757185,0.00459141607558307,0.0189309968113197,0.0149704023403563,0.0118241120219411,0.0133010499903964,0.00687269027009818,0.00786384637255564,0.0145310413301027,0.0094977165628356,0.00941005400310663,0.0144727724253332,0.0050662542320063,0.010621181514072,0.0148340103267207,0.0143471446077253,0.00569584649530197,0.0108920965266828,0.011529013029929,0.00428657842291622,0.00618860657025481,0.00823481149995651,0.0111766719952182,0.0114149573690895,0.0269642600304745,0.0143576027991582,0.00974301055877223,0.0107231083406121,0.0256566334891564,0.0177737829758597,0.00565311065767382,0.00508612122806732,0.00832805264720478,0.0181754599424547,0.00986236643075713,0.00672081390679589,0.00668506175869551,0.0112570715057595,0.011102725561472,0.00350170736406006,0.0126217083310693,0.00812159856201689,0.0100481282040399,0.0126850307666624,0.0151824663135487,0.0113369656733542,0.00316418745498616,0.0200980606056399,0.00887955234760503,0.00962767160082116,0.00702068126744709,0.0104872676094164,0.00296672093381704,0.00928814152508617,0.0109897537111403,0.00859892965890498,0.00378891152538426,0.0171929199103639,0.0182292380841347,0.0104830070064992,0.0100788368765305,0.00647161164670425,0.00681113862933887,0.0114276036329211,0.0104532378869157,0.0216479445566244,0.0157141221551853,0.00773560109395386,0.0129146048096857,0.00372160281058128,0.00584037251511405,0.00941477528616985,0.00673106707829422,0.0124914905553206,0.0121701883087061,0.00875302635466048,0.00906579157559513,0.0116939590134813,0.00570557758974061,0.0106820895733592,0.00564926469687421,0.0111794216230053,0.0135877066387529,0.0115775911802187,0.0169309008346724,0.0135874183285586,0.00310826970724639,0.0255888434949744,0.00626756557740791,0.00928620264039715,0.0094647742785323,0.0165139989442873,0.0225802112262114,0.0169402574512839,0.00624009243190497,0.00317885109375406,0.00514875214339897,0.0137696768400323,0.00927374879733742,0.00632606400500481,0.00962317695967163,0.0206925773398492,0.00803174634360393,0.00414610549460224,0.0111185806020154,0.00997186567022074,0.0103872419107477,0.0107518523771287,0.0103845482737662,0.0163096410803625,0.0045585666013791,0.0277348273108819,0.0118662456083156,0.0154266733817681,0.00679751293654229,0.0116373590783908,0.0124222718036466,0.0145777201898019,0.00931766131885207,0.00460503200567414,0.0149040155214149,0.018693853630101,0.0127150777466622,0.00812441610776223,0.010074198706329,0.019995941670294,0.00917718521992865,0.0125293931131499,0.00978545964209521,0.0027575295347218,0.00568024878127103,0.0135735454731744,0.00535694306692145,0.0193118806747574,0.0129381818576234,0.00988016508190167,0.0138635874779005,0.0137100019321027,0.00899833959298751,0.00593894628644529,0.0101215376101458,0.00892458274008249,0.0112055466447136,0.00626314153350632,0.0269099912388495,0.0099331799601064,0.0145034271399694,0.00994444299660537,0.0138283475306344,0.00571146453964849,0.00457137265778461,0.00730675323754171,0.0137441161425256,0.00545565191682453,0.0133051760599941,0.015020458502007,0.00959046982797207,0.00591808305628688,0.0101849278473296,0.00864393589105543,0.00570727668569321,0.00961893740975991,0.0099265388174184,0.0174469757142066,0.0128759454448802,0.00531164639851691,0.0108495498800566,0.0162489155363791,0.0062227490351067,0.0100590570710391,0.0127353245476913,0.00893220464752703,0.01221353395697,0.0180784927025173,0.00997127935329388,0.00588632352377781,0.00928804072088783,0.006406746349902,0.00757441024021248,0.00620221784031418,0.00849016848342025,0.00977614640402417,0.0144312604536031,0.0113968211666917,0.0117743972229551,0.0164085998684591,0.0115589203253456,0.00239230143924218,0.00684708214647954,0.0113683438936078,0.00324890954535047,0.010502236419932,0.0104042276687762,0.0137123926990234,0.013492659362601,0.0104071766600324,0.0148858570136805,0.00735446796835236,0.00680873192089547,0.00871829845354098,0.00966540986712799,0.00675187492960997,0.0083378372918977,0.0137157020800047,0.0123920461302892,0.0173267632799055,0.019069338467096,0.0115629697243613,0.00913791466882991,0.0140228194269828,0.0135389082584944,0.00848268075809017,0.0102364794054029,0.0102527042695443,0.0143570400908212,0.010489012296955,0.00865176684736488,0.00740371598909567,0.0111902975759586,0.0175998249991992,0.00596419779659927,0.00630250629269524,0.0112889717803755,0.00897586192433782,0.0131345809644721,0.015405460213574,0.0138924660869151,0.00718012379550477,0.0105780986746919,0.0140501101318227,0.00299940790129729,0.0168780461007554,0.00498571261435517,0.00744550861788667,0.00597280497480329,0.0140700313621795,0.00812840270380146,0.0142382762546415,0.0133358560448206,0.00488314595662476,0.0125404677995669,0.00736622505733623,0.00868502060862525,0.00742172713225947,0.016843502474303,0.00886178346174362,0.0124120820573373,0.0107181122877374,0.00385580004660896,0.0105270584117336,0.00900908557341553,0.00477004153378128,0.00454589472896564,0.0172478190822871,0.0202144628677136,0.0148462292117031,0.00877287580607341,0.0102969201503205,0.011284940821496,0.00891363731087987,0.00675805879485906,0.022561091927792,0.012759441695362,0.00722811206017006,0.00662923309019133,0.00644327828469908,0.020598909085087,0.019680863783475,0.0155850692421751,0.00702670600526443,0.00962567377797737,0.0116660380751962,0.0125451934028298,0.0117703631222061,0.00585673502427388,0.00759202588757755,0.0138184660466223,0.0216289926648289,0.0146918033356204,0.00656170797596733
"twin","generative",NA,"JC69","strict","yule",0.00373865768077079,0.0149315630608277,0.00833776847299959,0.00637317509145889,0.0116855304555326,0.00371728688619146,0.00632160400188573,0.00255658621274814,0.00239796947865077,0.0146878861661778,0.00724605088174922,0.0145990898149552,0.00774241165765525,0.0115862818001455,0.00997985016806738,0.00796766168448931,0.00624365014683172,0.0118022952063019,0.00330677932190132,0.00565617711187712,0.00467962915618133,0.00870126181458229,0.00779462899149667,0.00445393560716375,0.00432176773390834,0.00965177972591685,0.0068208148696095,0.00688063325683454,0.00579557615169189,0.0078513473298315,0.00426415591729675,0.00814846859614565,0.00612462798766252,0.00404233129105323,0.00947159435460412,0.0104216832010188,0.00934678889251556,0.00780733935621582,0.0106221584016551,0.009083224899562,0.00374690513805559,0.00377796037921692,0.00944975447482327,0.0168123316991634,0.00674974726995592,0.00611704348461967,0.0138434614013644,0.00732955466724133,0.00564467989100415,0.00833628569901253,0.00686285546806971,0.00492590387628942,0.00590649410696163,0.0129881821174956,0.0128373308007432,0.00524692353001035,0.0166607247818911,0.0061906464757193,0.00981658412683887,0.00526373784460528,0.00652722779224494,0.00711794371416045,0.00304633704817699,0.0143836897862668,0.00996628962264318,0.0164748872189168,0.0126780333413467,0.00764750217670281,0.00309870433812287,0.00578406661036483,0.00348104373380761,0.0101770147868961,0.0091431369312581,0.0162892206804593,0.0100769858363243,0.00396427825081223,0.00327417913052649,0.00254567998130323,0.00453777384512966,0.0120783191773344,0.0130500856169257,0.01236704954667,0.010161655786042,0.00537983742102131,0.0074259839912975,0.00821232940942165,0.0108912679625932,0.0119527224299388,0.0102972576907383,0.00642362702235333,0.0178231397737852,0.011390858764603,0.00577090301051049,0.0047262403233407,0.00392095500255413,0.00943687456794253,0.00717087979025386,0.00794260172571905,0.0171908052925989,0.00940487111727917,0.00774664814070876,0.00404023241911748,0.0130959234615046,0.0105365766209117,0.0130728222157852,0.00892171156621406,0.00755874697735281,0.0186283922132991,0.0072023609224145,0.0204147500923121,0.00762480555189334,0.00624870582547734,0.00570352443232379,0.00427261451867582,0.00521869809772444,0.0162872050252446,0.0101438704831184,0.00397347070293682,0.0119037265444117,0.00461823708663865,0.00361762414143764,0.0048692590294141,0.00597387143428924,0.00750381907637754,0.0191430919126528,0.00539658536691251,0.006762423971577,0.00688435525835905,0.00815803479677143,0.00342847221694281,0.00578430376834752,0.0019842545084594,0.00509736573286372,0.00537809854038296,0.00488679087161096,0.00649164096737378,0.00743732686490734,0.00464932950817602,0.0166370133900134,0.00876995103165449,0.0150331095801603,0.00959227008675736,0.0123572860553996,0.00365411700329332,0.004501986496272,0.0057299092873096,0.00595039280628516,0.00979523003445557,0.00952692906006049,0.00500715322504045,0.00938663852405205,0.0049895235968806,0.00848188735756039,0.0119182229144557,0.0197006951719854,0.00978379679405865,0.0176158398932899,0.00578303841957301,0.012161373719434,0.00452784217669181,0.00340961455066933,0.0074338816426827,0.0119648899742592,0.00520866317103167,0.0111960898567687,0.00308592604877278,0.0112007088738792,0.00346934281265452,0.007417266700076,0.00821154077119731,0.00777318986911829,0.0107035675686563,0.00569504437838033,0.0108397275253186,0.00737094842955734,0.00360320961661146,0.00722402718731567,0.00682192051914489,0.00536239022276465,0.0152381180298509,0.00680346391515479,0.00853147488041282,0.00342391984363272,0.00536589454853079,0.0108502921772684,0.00605613929465223,0.00675121778886693,0.0121138534926739,0.0116141724871074,0.0100265236059728,0.00945068925302556,0.00607037238543286,0.00607277877774048,0.00190292727625174,0.0132030841339132,0.00775435606044707,0.00394161595958331,0.00574349804826935,0.00931391989864143,0.00800722307458153,0.00267178255599154,0.00385991072164173,0.00618160229600042,0.00679807224945073,0.00615386625928099,0.00424681890827252,0.0116605831056321,0.0120088648241089,0.0245224312537639,0.0142581822075311,0.00620542743638614,0.0031130877303715,0.00980310783233118,0.0080474254104246,0.0102463919668366,0.0051060865082431,0.0112476953793918,0.00261902691235083,0.00942472255948654,0.00659534238097276,0.00519743796586473,0.00665872835622439,0.0044121245275423,0.00523981558032902,0.0164802147525226,0.0087960175669428,0.00450773668503472,0.00610110713686968,0.00396510904575292,0.0110500311658414,0.0116500539473825,0.0180901881259396,0.011793963073091,0.0115039857215033,0.00571687679475293,0.0113783069598997,0.00395256416934314,0.0126452745716475,0.00918344712587295,0.0138177309669379,0.00186777182208183,0.00427532012839454,0.00844607430305618,0.0148124393683425,0.00307778274122456,0.00406987303568488,0.012476916375456,0.00424544928898563,0.00650884037493527,0.00816670628228848,0.0096575850079987,0.0110827108877198,0.00876693101282722,0.00668763586306337,0.00507929614206259,0.0169133574445823,0.0127369381601723,0.00249575141801841,0.0111646459197246,0.00531853847511366,0.00642489521379519,0.0108494906830055,0.00463279507744728,0.0122567965167668,0.0115046697920441,0.00423959516899403,0.00874913819901827,0.0127975917846981,0.00331484961474017,0.00332868481083354,0.00675212801079156,0.00911965912642395,0.00862192930566436,0.0100267030465112,0.00907806082412577,0.00256173935798648,0.00388212480887377,0.0151467433671746,0.00604721040654317,0.00859173095242806,0.00509509857386573,0.00852506495113832,0.0167776789801006,0.00872951256908718,0.00645787012588735,0.0105971066938721,0.00939113968949042,0.00122042692893953,0.00631933042486014,0.0205870536936016,0.0120497698281281,0.0144342496429942,0.00843921794690748,0.00936354685410144,0.00748101081472243,0.00412280788120264,0.00557300410353547,0.0161596473879209,0.00491048946992312,0.0199367416012662,0.00581518023767282,0.00740335082772322,0.00723411473640131,0.0105545519615066,0.00879684236073708,0.00711056006828272,0.0145938810677204,0.00830640148643267,0.0126048757395986,0.00437667332433032,0.00743660386738506,0.00861823323841491,0.00811666784688816,0.0189804999934366,0.00434289579967081,0.0094423130878518,0.00998288939079079,0.00728761786895954,0.00556581304572973,0.0142896767200639,0.00886529532541393,0.00225647314462601,0.00193410559967673,0.00754213928213987,0.0115271545132193,0.0111990099421456,0.00507138031192174,0.00836957265122131,0.00522394573132691,0.00211911820302063,0.00621603201036323,0.0080156527121136,0.00211136612567871,0.00722834341511523,0.0111239334580615,0.00392650122535941,0.0108971555563504,0.00794409894548466,0.0103328013030246,0.00368196240000514,0.0111225381585946,0.00727838941234665,0.00978672286402895,0.0051327152837734,0.0152139472459808,0.00912783042102317,0.00977166508546242,0.0072579926329651,0.00784964512241902,0.0116957158256308,0.00984783749531748,0.00188949582301793,0.0113564362699713,0.0021030039085674,0.00377788326657806,0.0114992806060237,0.00416085887196109,0.00824955159658081,0.00821493716638346,0.0080938215811307,0.00285071259236891,0.0109569601216428,0.00762100497421562,0.00972188442402155,0.0154192205645101,0.00999689601425522,0.00553604975100983,0.0174731699840463,0.0107846217263673,0.00662440952585062,0.0144149256325299,0.0081837866010994,0.00856104973755754,0.00566562568482113,0.0135393802092579,0.00405113893965714,0.00838140756093621,0.00896002732471111,0.00501966282138009,0.00709414344038428,0.0104410842835945,0.00400679187652175,0.0104087990439071,0.00559336088834202,0.0050887824457894,0.00546119474062051,0.00455261860535896,0.00439574197834125,0.00795652874945255,0.0159843871960204,0.00808577639452936,0.0105200340838857,0.00957688321901392,0.00947124241854881,0.00830527934850855,0.0039132862320209,0.00515026297128625,0.008600731906824,0.00889303642103784,0.0136966410375474,0.0059667610529483,0.00500553368305717,0.00656692539033297,0.00308052497564509,0.0110857610769203,0.00420530618710635,0.00946168875745988,0.0027171741297532,0.00511659282991137,0.0019251199923645,0.00907328135731903,0.00488952584662652,0.0063713482263309,0.00593937731495092,0.00624023888365941,0.0075785567750023,0.0154044264722463,0.0104352421486558,0.0127105895090691,0.00972857362103615,0.0130107895856282,0.00739615217658337,0.00498465055247775,0.00467117038893145,0.0165973348806032,0.00999651995838735,0.0148102363546724,0.00859518350229697,0.0167715925642608,0.00629887221547458,0.00802964014879441,0.00552950198003963,0.00576398708245159,0.0061965940610332,0.0169829699583014,0.00727892741980518,0.00632347223783294,0.0137135836228213,0.00851281306600575,0.00701441160670113,0.0175644021469437,0.00650792953578181,0.00820783894948474,0.0019944157887277,0.0123845838530934,0.00776155325847531,0.00346864548366976,0.00687231241985871,0.0102286483355969,0.00303033799927101,0.0126099459076534,0.0133153026015532,0.00666972288788089,0.00900921499469039,0.0055512604473739,0.00394859305314797,0.00358348150242928,0.00533236508395798,0.0127129523347192,0.00989871440812348,0.00616231891102159,0.0116802704879418,0.0088189913967391,0.0063448848522394,0.0107419675131382,0.0118440658851312,0.0106464208423231,0.00482705095722508,0.0194471346304157,0.0128017002100594,0.00787371600469065,0.00934187096590688,0.00440758785015075,0.00840545793591746,0.0090914460145071,0.0111406419650794,0.00938149139188197,0.0071937613473543,0.013853429351888,0.0120484051893444,0.0142598984464124,0.00901353876190273,0.0087745482330052,0.00943846018395879,0.00923400402621065,0.00713283108602584,0.00752057665502659,0.00639961700406105,0.0136524054528479,0.017900654134666,0.00758255108219434,0.00671206628288542,0.0048151885165613,0.00654550273849438,0.00719633145695381,0.00905690520542766,0.0033305073409086,0.00475354989118224,0.00597262933352344,0.00792722025705076,0.0103234066958905,0.00925958011281541,0.0167569276185683,0.00819056682505265,0.0161186133148209,0.00495294041503935,0.00492458530413018,0.0086249224192817,0.0129367965210305,0.00493302433890932,0.0110508349769175,0.00883711165359437,0.0138789102902791,0.0173982934833274,0.0114421823936201,0.0124935253124317,0.0160170844898703,0.0119633533757575,0.008740448119748,0.0077460670875185,0.00653661026669487,0.00815613663250516,0.00695726081118805,0.0102553892238524,0.0057571066519526,0.00601497175774614,0.00689669174172508,0.0130753163474846,0.00417935933944423,0.0132047985399713,0.00378862781617334,0.0112762127028659,0.00558917583678079,0.00416101061563999,0.0117707021529319,0.00693682119940999,0.00853030171381619,0.014334598820704,0.0124592941151145,0.00431532930205812,0.00998529040221543,0.0139913248521201,0.00980539735354149,0.0140960970141184,0.00688465764607745,0.00685324201747041,0.00573229499961025,0.00664643941876534,0.0105398613939928,0.00657128857607409,0.0101927741212369,0.00982856366474755,0.0116832717682654,0.00552745051782862,0.00906568581654562,0.0149674939055888,0.00651703720092003,0.00184426083350092,0.00474432503296405,0.00853904917838779,0.0109760089277841,0.00396289921514509,0.018500235914627,0.00423452915447388,0.00470201419278021,0.00920143733916003,0.0082602069240398,0.00318955295220458,0.00764554188820164,0.00791487634088078,0.00727536600061037,0.00871074205304508,0.0170006680533564,0.00649227809058874,0.0055395202037443,0.00607133632307037,0.0149127018228989,0.0100973862082711,0.00891470886345656,0.0154691817511231,0.00282938451826085,0.00717787527376007,0.0102705981853716,0.0076924677921908,0.00673132147654933,0.0121775350273144,0.015003578112569,0.00607816608178532,0.0059074094462682,0.0153490746516334,0.00625174758691279,0.00999066184803103,0.00432374363649988,0.00442984577600721,0.00801755193630841,0.00622425461237216,0.0101995383792845,0.00569038908780772,0.00738058138632878,0.00409216360288835,0.0192966323489123,0.00357086968102843,0.00714196904988325,0.0134436408114288,0.00845936171331789,0.0063829575676797,0.0141218896162738,0.00818273205204269,0.00898520958790244,0.00676732383514617,0.0181406018470834,0.00444341768670181,0.00606868773930097,0.0152495448715477,0.0100629881668526,0.00602785193497744,0.0165831646096487,0.00767085733263454,0.00752232957786943,0.00684392390821313,0.0147663342844383,0.00413683826568423,0.00573405401890977,0.00800595451084352,0.0102712331542616,0.0102039526661142,0.0131497955882316,0.00690913453615192,0.0140527248392107,0.00668939048423521,0.00964242221813509,0.001792843719062,0.00450130270492605,0.00765446542208146,0.00375798453812209,0.0106059246363009,0.0104738177917764,0.00601801817500016,0.00404719121077624,0.00958706136482468,0.0128919977535826,0.0111192553639038,0.00432657240256079,0.0128748262677732,0.00795496859597306,0.00747130881705238,0.00761027313470454,0.0039689474646149,0.00846446040979332,0.00293919494522749,0.0122338032391505,0.00639939111129678,0.00802154854146288,0.0052959811443528,0.0054185631636219,0.00498393716400739,0.00809055554492244,0.00579731756748873,0.00571515211656692,0.0047940751147522,0.00441950519602067,0.00718712892104345,0.011235920420845,0.0117856915935572,0.00523571553597024,0.00336084083852571,0.00986214542366017,0.00497520069012542,0.00970482400175504,0.00272029859564121,0.012977855044683,0.0134024110268431,0.0110577989461879,0.0196595029011544,0.0114727856289465,0.00568882406089564,0.0115518221282013,0.00461837793493898,0.0115830917926837,0.00889726894917079,0.00366222201548257,0.0103189267455642,0.00979661097321324,0.00490195102497339,0.0118106737440366,0.0183642791252399,0.00507904838677081,0.00686280307170443,0.00665946419060665,0.00977101288884687,0.00989695012479948,0.0139320165849232,0.0100941021876654,0.0130334566672792,0.0137027925808601,0.00625918575269676,0.0110934698845946,0.0069768905336635,0.0193286604271259,0.00900600873434646,0.0160369669840361,0.00393055821719118,0.0137161119752801,0.00657423171711463,0.00282322940808908,0.0100122209635385,0.00505907771669759,0.00515796082169565,0.00369273633103904,0.00871620695250993,0.00410444351302366,0.015067397910849,0.00973715073847259,0.0109595039101823,0.00508521772960535,0.00865540552202461,0.00649394992370454,0.00369686320903397,0.00608597883047536,0.00850349772594433,0.00875001800671947,0.00868686455359604,0.0037595309826514,0.0107266240794523,0.0124254644579039,0.00686674862725754,0.00869492897500597,0.0149126141540308,0.00269122436618161,0.00470446937455691,0.0089198948066835,0.00541297930288329,0.0100242592535759,0.00724245456794709,0.0160915218455407,0.00338364370233788,0.00815130720617959,0.0127744815233414,0.0149146113194288,0.00441473586387179,0.00837445433362268,0.0139083394534688,0.0108850095029793,0.00609240577546925,0.00657737994455661,0.00728864312558934,0.0116208205906039,0.0135400500212838,0.015663256689313,0.00718871523324049,0.00268110458263251,0.00836113258238608,0.0114496279980403,0.00261933705544069,0.0130189188522728,0.00647858148833143,0.00838326876734907,0.00500646440103669,0.0078414900714747,0.00959757828499034,0.00462796321286629,0.00280580317635643,0.00516522465548573,0.00765992659555267,0.008362456165853,0.0033524265618702,0.00806201883496099,0.0103564765402108,0.00474265828259265,0.00645001257324747,0.00494568375752449,0.0179944245790928,0.00921365004007343,0.00435678995004489,0.0067233286068216,0.00685198861052551,0.0094167161205375,0.00399864599331519,0.00746754219858403,0.00877731994463286,0.00585327552141664,0.00536242637220439,0.0155301711721727,0.00254499619959179,0.0106545266013952,0.0172698129331895,0.00628343156793287,0.00292614300280963,0.00732793208089181,0.0144887562143142,0.0144395580311665,0.00433885314378013,0.00726344604821398,0.00460749131110527,0.0110996908160386,0.00551301025764957,0.00496673479016505,0.00884837782122211,0.00808639452981956,0.00359447522723709,0.00766705737117533,0.00609809687396414,0.0150687851619593,0.00376265416853105,0.00427127868534616,0.00384329521693329,0.00523387445388399,0.00859088440353948,0.00562843072266119,0.0144978305116583,0.010733619258059,0.00879544625894091,0.00840227463173615,0.00610615590063525,0.00625107640956498,0.00668916903183279,0.0170143106762815,0.00651135779871472,0.00492977953386971,0.0056572114624846,0.00286411663813455,0.00168341189743324,0.0116728051169182,0.00510939773046367,0.00891044599559387,0.00320879331294077,0.00773387559396856,0.00920919123339518,0.0144440550332747,0.0100343866882633,0.0122467267056656,0.00512581354356417,0.00366534115192622,0.0111078397037867,0.00640016196379421,0.00992146955661226,0.00510863293658526,0.0067036418251384,0.00341163401319794,0.00939627000795,0.00913221394887753,0.00956047887868176,0.00781223347428073,0.00947044985213935,0.000909641092477135,0.0157852563324093,0.00934667723601725,0.00328691502793852,0.0118800907902607,0.0131855600656262,0.0119904147275423,0.00790135181278192,0.00578454384181017,0.00984965238037155,0.00847960653197681,0.00830453673857445,0.00365019145268231,0.0116680788971156,0.0034515079336222,0.0101661251048289,0.0112890321462789,0.00426054145977282,0.00893142950265076,0.00383318565536772,0.0113463530135388,0.00480160876247197,0.0128642140286066,0.00566847824390621,0.0103065726343206,0.00651971782417686,0.00660705231391327,0.00753225196041,0.0103125384747052,0.00821603226890438,0.00723866230152324,0.00333790841272064,0.00554472783963039,0.0127549012837805,0.00679306793586184,0.0158963374513553,0.0146469232752862,0.00586611582392171,0.00685754959836412,0.00475343501160289,0.00395111767097576,0.0110744768142622,0.00623437088073368,0.00464331207774221,0.0144234651644816,0.00202040750751133,0.0212335245390786,0.00546540364024121,0.0144119661853195,0.0114072886266772,0.0078958738145982,0.00464332782530441,0.00528461265062567,0.00468720146343291,0.00505536900667619,0.00770997408562663,0.00726053467297374,0.00591000053492237,0.00518798548612124,0.00308928174977276,0.01501938093349,0.00925908931370528,0.00953848862379353,0.00336254410351396,0.00316671540700175,0.00656087308891431,0.00415307593321325,0.0219739789482176,0.00382292144278616,0.00623029989470401,0.00875227392465061,0.00691287737448504,0.013177317881227,0.0168808715813049,0.0095113407555175,0.0135537523359658,0.00878731146947013,0.00891885108212095,0.00681728925820095,0.0165893675756837,0.0079763087886582,0.0126101706817385,0.0155703618218431,0.0199827807358376,0.00591211674070687,0.00778936026892602,0.0132091543515489,0.00325852595231232,0.00453386588923053,0.00135053050494743,0.00541526588563211,0.00918783393455362,0.00489850765193147,0.00632204632330088,0.0102056606819266,0.0094765314154241,0.00667260843695929,0.00607659489904962,0.00459802926530778,0.00582607038213813,0.00669653809171574,0.016048773947284,0.00627366872299234,0.00683061029036282,0.011413607068659,0.0121257806370958,0.00747635351661713,0.00769173943840235,0.0132790647594612,0.00262330134437925,0.0116058985488341,0.00649591752964089,0.0221503331111365,0.00366951298498369,0.0101478232601515,0.0029651237296898,0.0105158180221965,0.00883775973093648,0.0138539977330685,0.00886211555442612,0.0136151346469847,0.0129803419178351,0.00849721381867781,0.0051284211450901,0.0129841615663928,0.00848027398871445,0.00832954716837377,0.00694468050580543,0.00997583303663772,0.00979359237765361,0.0031500036484385,0.00833464600097776,0.0061261590727477,0.00975681545965486,0.0135834239116933,0.00420352261647381,0.00889169519608531,0.0086316513823589,0.0108605973831051,0.00655439865088597,0.00811143715014155,0.00602337195584276,0.00870933224525825,0.00922414428354242,0.00795228400154707,0.00132472472783522,0.00741289265072424,0.00364140163809601,0.00780373649438582,0.0140517598716258,0.0061071916931376,0.0162002179112852,0.00350970166006167,0.0123591015402884,0.00523253858573715,0.00978105194002323,0.0130379959207913,0.016721976915607,0.00677838024040547,0.00463283278026514,0.0126456415639922,0.0137163283768065,0.0147147566561666,0.0068558779882536,0.00965211078639676,0.00545682351035746,0.0094795482484637,0.0016501333816003,0.0128204363700949,0.00787117411106482,0.00756015879128008,0.00647262679034666,0.00724630398545922,0.00554414391499841,0.00712300213690192,0.00420913789902881,0.00827717077073231,0.00422980536007398,0.011505740845929,0.00543609614218262,0.00336975539307105,0.00307807046303971,0.00941414812700914,0.00177461035504878,0.00968410817870724,0.00959293579163848,0.0111333316133406,0.00561814109308959,0.0255041806595606,0.010924845269772,0.00883043964729137,0.00347698253626742,0.00265431942740126,0.00565160130090775,0.004935550804865,0.00444772830568026,0.0150678922110055,0.00602723506479869,0.0140870099483033,0.00508938771597328,0.00547793647212447,0.00697512330619954,0.00320444428001141,0.00673132722377471,0.0073759230274323,0.00927657346740137,0.00559793979234369,0.0210286842482006,0.00639407870960092,0.00586246771406157,0.0062921965666465,0.00591053347251321,0.00993777580104081,0.01108854582325,0.00427249154700517,0.00637679906914035,0.0169496500429463,0.00844344902855145,0.00420790947119185,0.00418844136617206,0.00512310294438615,0.0102728463920354,0.00630380200398016,0.00626677984700598,0.00702810927138118,0.0132230936885552,0.00930357254048988,0.00812641664564834,0.0120035127124182,0.00869761365377144,0.010172508467725,0.00912087552980906,0.00798879666604134,0.0120919390783215,0.0214295889863666,0.00557557535353313,0.00324580893893867,0.0127120962382734,0.00449017880036536,0.0150354387664681,0.00698339406082786,0.0105332334745083,0.0150757880751992,0.00740546110243112,0.00915986971191629,0.00948820031765728,0.00909743045667457,0.0131592667548497,0.0169456515085217,0.00867865349605512,0.00918097463641956,0.00994867406432496,0.0120091214398324,0.00457190793396765,0.00603839579722202,0.0050082130391812,0.00539317113639493,0.0112464142984974,0.00425678197090773,0.0139352426061799,0.0123708471834972,0.0154044322747847,0.0104987979940485,0.00431754902271486,0.012533173829974,0.00882062206675155,0.00286933839088275,0.0139914238197318,0.0127188749058623,0.00473429380923646,0.00851982699606171,0.00803032937663232,0.00869600429634373,0.0169356016952549,0.00591457006384327,0.00890432032819984,0.00775165874696798,0.0031221614699433,0.00315821902938124,0.0045139596545377,0.00940627567502454,0.011243545440605,0.018873481695494,0.013892373371229,0.00636392013258027,0.0094884259648089,0.00950953220540524,0.00452573112310619,0.00836474574281158,0.00346596943996245,0.0084094993846641,0.00587858478858912,0.00893444519074736,0.0124514140435807,0.0113838151698526,0.00446901043253049,0.0149596705732071,0.00832610504639666,0.014395457070535,0.00495356665718892,0.00746684110670787,0.00745670627859798,0.0117101384333827,0.0089747886026017,0.00824643920911511,0.0126921058369305,0.00868823128990829,0.0116543911048411,0.00911912785433936,0.0199029815629045,0.00605601681777246,0.0101457601804675,0.00612726387820313,0.0119731827158085,0.00283761596229073,0.00387936802205744,0.00543233611807766,0.00782293697792978,0.00558692654847544,0.00987631832447215,0.00900772789953612,0.00195748929878416,0.00780627131254917,0.0126730474584095,0.00331693988711921,0.0130985217947758,0.0134440669760637,0.0140380858928718,0.00461479610829674,0.0168059211965186,0.0137181630057437,0.00486217390958945,0.00585747277928441,0.00650586515026054,0.00919260730031992,0.0110969973091625,0.00945952269273901,0.0116964166011615,0.00625429064996554,0.0134043250304588,0.0062036567092714,0.0109901854671431,0.00570158904070957,0.00329128656986373,0.00844989064419573,0.0108871027249405,0.00466696756105952,0.0100154987348667,0.0133762901724091,0.012813776760902,0.00505203563070331,0.0139139568793653,0.00586271831172706,0.00882413140472651,0.00953463983234447,0.0146352255434932,0.00736525604871648,0.0120326726625287,0.00795970277356802,0.0180336030223465,0.00565007893344286,0.00605159972028953,0.01003204841686,0.00563729848728926,0.0118509575810748,0.0122023451600509,0.0122535378650744,0.00756985875272492,0.00424149673891818,0.00517020168253039,0.00993388675878337,0.00548457838773031,0.00237001623117888,0.0181663659682873,0.0113045908180289,0.00639581947422615,0.00993009054047946,0.00381519967420224,0.00471077952919545,0.0201282510438596,0.0161096464689119,0.00636341634163271,0.0073024059718401,0.00662359188889603,0.00605925851152459,0.00249429508239794,0.00504859918686684,0.0063691230727112,0.00901687743343528,0.013722833657691,0.0138290515721777,0.00429704673014332,0.00825905957505803,0.00789726517162553,0.00381310553430505,0.00650649231281556,0.00720735091187993,0.00722856797167211,0.00522306890950336,0.019505541481857,0.0121234134861515,0.00712113972613054,0.00764278445499894,0.00261956669824441,0.0135967851201748,0.0110600695426517,0.0121438034959866,0.00624554888226621,0.00490332578772048,0.00897027477374392,0.0121454654831914,0.00896513792258352,0.00517909108822506,0.00790874324955591,0.00750471888158882,0.0130284591513137,0.0315224985401081,0.00481144911813541,0.00453770969638271,0.00848567377873705,0.0120920818155356,0.0104301151010731,0.0124586960386778,0.00861338912261824,0.00943456524041623,0.0128989359441327,0.00739626361537179,0.0174802047103967,0.00695557650446897,0.00909150589810302,0.00796815348888632,0.00845974359064035,0.0113249019494017,0.00626028407009651,0.00757574062506109,0.00915000385334027,0.00962918613126867,0.0110394735007608,0.00596143431282823,0.00451163639050306,0.00441797738835229,0.0112345630045974,0.00399541239995514,0.0141337637533425,0.00288019761876955,0.009205462683633,0.00686015527952829,0.0151290111147503,0.00317757887967932,0.0121047514496779,0.0111868202828093,0.015354759343691,0.00701808490030946,0.0159470154052966,0.0105128478836365,0.00790183437521882,0.00674118589896716,0.00754931961221918,0.00757277154945551,0.00596073546379407,0.00358661858098358,0.00875963389587148,0.00692527821849209,0.00519580698326633,0.00846382407956385,0.00509249555923263,0.0079190554624422,0.00805239816076782,0.00855962940589078,0.0080013487714203,0.00974807974247162,0.00134603553211945,0.00849595828734251,0.0104192714947658,0.0212896500437164,0.00711085272695422,0.00995474910952641,0.0098817086945829,0.0119188264174204,0.0138463182630746,0.0146012504262104,0.0119356768577651,0.0126051944584012,0.00623959896293486,0.0269248697014275,0.00396233918990768,0.0101942680772132,0.00688367779525021,0.00881980490881866,0.00994065716220103,0.0106653504835057,0.00912214706677663,0.0108907227026295,0.0060186856506315,0.00716875507421459,0.0165861111926408,0.00618190619489391,0.00607361562722675,0.0122427169356749,0.0114530896447767,0.00684205659670593,0.00539344294936206,0.00964540877073426,0.00689571672833763,0.00507248542692629,0.00662504524288053,0.0101569164657698,0.0135670773122339,0.00741445955903669,0.00463500341909197,0.0116722109853862,0.00555580109408875,0.00595553365704234,0.0152061549269413,0.010861147106658,0.00801293166942461,0.00787500699715308,0.0047007218117921,0.0164397184297481,0.00676942514496228,0.00855618858031574,0.00958631813353705,0.0125540058578612,0.00985975466435087,0.00799078598722741,0.00359751564109847,0.00499532805319989,0.00413982806641938,0.00496245834849912,0.00296357952409306,0.0109895828060606,0.0200730978249574,0.00909486050942982,0.00703057352784995,0.00728853736503761,0.0149595191039256,0.00474751587687783,0.0111149396632292,0.00968525090081792,0.00397295597073048,0.0105763856364385,0.00418840625639316,0.00480344613273833,0.0111781863419682,0.0117189087812702,0.00485303966455628,0.00820806787062667,0.00865386778476686,0.0105043123152476,0.00692411661672561,0.00309878230507806,0.0118417398776704,0.00437898234199624,0.00814811366742676,0.00450901653170227,0.0174036573892601,0.0125604401347529,0.0109820091490849,0.00657499200869664,0.00110157748330101,0.00578984139521584,0.00972565587996225,0.00610528757330597,0.0117030808555493,0.0104314422631609,0.015672260664355,0.00876231178688978,0.00356139432821042,0.00667958403753797,0.01124887464967,0.00740058108690813,0.0033354513531715,0.0145493256381776,0.00545833328678365,0.00525264504178343,0.00978376631126101,0.00260154937658271,0.00754926025427714,0.00693637134065878,0.012453288727117,0.00356791944861414,0.00135966261707865,0.00375825376082008,0.014140983895966,0.00785515641489165,0.00423725918322456,0.00760510025483892,0.0132490412779797,0.00748011263279889,0.00917982627509575,0.00342758360870378,0.00720847536039543,0.00936232869648298,0.0108196346936324,0.0105251953902176,0.00163222772235768,0.0114692873899139,0.00448488065895643,0.00651668133416999,0.00872528641718549,0.00780592212116738,0.00599005504125838,0.0147721599908561,0.00752679726816929,0.00661444695357712,0.00862731821615413,0.00888660113334285,0.0101169371868341,0.00495021372107687,0.00764573855368474,0.00824740086355354,0.00698926524184701,0.00980428069567679,0.0158597226441699,0.00417735140453523,0.00461488338100073,0.0126064997977964,0.0128921463521779,0.00374151961374445,0.0118113582347297,0.0117185144041295,0.00249226647048371,0.0127818120626596,0.00471135290576051,0.00872508823066293,0.0134857355815065,0.0126063496246538,0.0154558790536693,0.0109968903326403,0.0047175700086046,0.0103436317857427,0.00867456002819927,0.0071672773468179,0.00603894145890429,0.00436998175646258,0.00969886250459192,0.010523355747976,0.00813577081921206,0.00874286562959905,0.0139405443125663,0.0121839101331161,0.0155963427269291,0.00599958977643396,0.00916905509630171,0.00972809464072551,0.0130213487029283,0.00520764265929909,0.0103938847440584,0.00879488697955176,0.00581977604956589,0.0036635604233314,0.00745185325692375,0.00596435764051625,0.0168894819040836,0.00531608080397448,0.0116065934152332,0.00917297685539272,0.00849923626954073,0.00825800139633689,0.00790054670115731,0.0127577602977976,0.00457167996547775,0.0128569498901779,0.00537053170643955,0.00177529894143709,0.00757092105977954,0.00282913169099049,0.00770706579558585,0.0119152653075414,0.0161716114403878,0.00525599127832479,0.00112917710707492,0.00732502791612966,0.0127814669810071,0.00313524576582665,0.00575175851491363,0.0122400469999335,0.0087236544823537,0.0164184841391894,0.00641624866808904,0.00369857430678827,0.00484684311789616,0.00955503354964475,0.00217832554857663,0.0073632717686025,0.0125103517134958,0.00748879974095111,0.00906323464203183,0.011686847542863,0.0153103762766795,0.0106473107811941,0.00684333661342533,0.013092066261148,0.0109588197666432,0.00906341240682903,0.00444722689217414,0.00680298156284511,0.0132569599440401,0.0051112178862868,0.0122094545555723,0.014609341558897,0.00407925292907387,0.0112090236603139,0.00853935084742067,0.00519232245223844,0.00697089992602366,0.00475328932586635,0.00722881758401332,0.0107327791872771,0.0109803479744483,0.0044007437016053,0.00691510578514346,0.0145988708383623,0.00914710987498666,0.0112223227578208,0.00538569981854538,0.00965424338517153,0.0104208524872051,0.00338383566746442,0.00259030904208516,0.00943938748838988,0.00790504526941699,0.00753768345717915,0.00498955060631068,0.0040429412759471,0.0119679024451312,0.00370377625888885,0.00923522595401022,0.00800726666448709,0.0132370301048335,0.00232425288974199,0.00374176471990347,0.0135478969004557,0.00850434033632456,0.00935140137659871,0.00344072880082356,0.00666051424557299,0.0120592711849464,0.00647920403008214,0.0112677998048662,0.0117048299345847,0.00976144333352826,0.00733634063667006,0.00489922041167072,0.00870271362944961,0.0165894742576341,0.00194666867077111,0.00837916902748488,0.0189223751185366,0.00892022701187432,0.00743597004104574,0.00768211565311,0.0137293993678037,0.013737227656445,0.00899788344942169,0.00955021032936965,0.00885697770043872,0.00786724623905666,0.0127775809733606,0.0102007519195345,0.00870111011683739,0.00492876776217756,0.00727614793025646,0.00495261432383017,0.00574135705501688,0.00762984880536577,0.0100931019148823,0.0218882948071915,0.0105800058819693,0.00592134881814599,0.00132876899348143,0.00417150391634582,0.0108386682530964,0.00681019197892328,0.0104563126113268,0.00751222966307491,0.0107723747730871,0.0196391195477095,0.00909501574539232,0.00823252874173824,0.00325434518998959,0.00698535176615763,0.013709247535535,0.00688794175542971,0.00401230896884256,0.0149649899422389,0.0175215404753447,0.0135154726987284,0.00672988166388015,0.0125183732747053,0.00830369378128078,0.0206979106496667,0.00854248716907017,0.00730428672613133,0.0179379044991911,0.00642055621419798,0.013632337915441,0.00620366120457768,0.00879221147538108,0.00475543316285108,0.00434073478300083,0.00796588401461758,0.00863833454816165,0.00536239240669171,0.00461299243254002,0.00559093123039306,0.0047534067669008,0.0151256477634203,0.00352481476319366,0.00508441147508978,0.00740216352573136,0.0113428016441517,0.012705645324595,0.00450254696560211,0.00492564700559633,0.00704946950244915,0.0124335981823036,0.00587757046535738,0.0057708269009004,0.0069678612503669,0.00663728257529071,0.0120893554548404,0.00939797297426067,0.00936412013664306,0.00863803729232872,0.0121028898873999,0.00565120964944364,0.00661241665557094,0.00606577297111146,0.00946722906368665,0.00634150660520607,0.00235315365179101,0.00688829582383763,0.00440337647162128,0.0191563500853306,0.0144840733384366,0.0102826300000553,0.00760774155200069,0.00842820130330295,0.00370957375922887,0.00331276485435848,0.0121655062430871,0.0179875328714248,0.0165381237217125,0.00813579203942114,0.0136306538454706,0.0131947711567903,0.0159947866066831,0.00761737764901133,0.0135579435661186,0.00720947212876375,0.00371332831056718,0.0104841822425802,0.00784876312897438,0.00892591878667333,0.00234228332634345,0.010013824383033,0.015803770987629,0.00809785648423989,0.00748074345193698,0.00886653304809256,0.00513200384484262,0.0140799298559838,0.010591105945642,0.00471214321091157,0.00523766214853671,0.00449153349699544,0.00794375728164309,0.0117138509832632,0.00706992967559972,0.0158015308196927,0.00618728460478764,0.0118545380968758,0.00767786861134686,0.0102100961988423,0.0159010279478783,0.00350287452554987,0.00399296163613107,0.00789435317687933,0.0048764456046357,0.0107510557360129,0.00936292462830383,0.00999236783872265,0.00612235832862074,0.0100933565255574,0.0100494229184458,0.00620928494778759,0.012985644371454,0.00671343941612179,0.0166675136654606,0.00923703654703408,0.00481662911117982,0.00782154044393231,0.00160993256327735,0.00825415462823241,0.0156693503161313,0.00475272058851635,0.00887559770397687,0.0075798259203876,0.00597888676651659,0.0107888314224841,0.0133522544596925,0.0149093366302748,0.00881342705598098,0.006847694331279,0.00845312153324697,0.0061148373926038,0.0045491995768727,0.00642375659788432,0.00574431635929207,0.00432042270446945,0.00472579694521188,0.00678111498074478,0.00673911982926347,0.00938954521876926,0.00745949059848577,0.00706614877535316,0.00704999229027351,0.00330809272556654,0.00861003390215148,0.00671569059195437,0.00556781730001443,0.00594366297679516,0.00569364077629136,0.0118356518716415,0.0076654137831307,0.00943832870644288,0.00905343626752801,0.00733632060668475,0.00932572326289653,0.016560502333914,0.00948385668283354,0.0162912604680148,0.01816389931362,0.0102867831264007,0.00427790584253847,0.00221561823875562,0.00369606787995393,0.0159637488437011,0.0116341087744048,0.00684127457408921,0.00612683413286885,0.00939990367660735,0.0116798198281421,0.00515208489331546,0.00704400629018676,0.00619953397451771,0.0182679794271405,0.00651210601588607,0.00803346514083984,0.00408689916096849,0.00950803190879446,0.00296865970561716,0.0059012986089439,0.0158982547109566,0.00679625485065708,0.005950145273065,0.0178036851709823,0.00633607426587747,0.00527154243674183,0.00393249877482009,0.0122288988632005,0.0101117062993454,0.00606795423344634,0.0069977549392962,0.00959325285283454,0.00541370430832167,0.00480663989947481,0.00425066491878116,0.0124199793861611,0.00472208590308173,0.0091710428541749,0.00717382269306149,0.0211549851515836,0.00455600167287551,0.0155886397319632,0.00812466767635471,0.00627932794473703,0.0125448516273434,0.0076652302974615,0.0140525742030585,0.00688617898317288,0.0152704225931186,0.00940601380571915,0.00595648395319115,0.0129219619702147,0.0102294574971183,0.00919246407656132,0.00308053755804871,0.00691115301441055,0.00661294267985209,0.011522805051113,0.0068487340499438,0.00344237221458327,0.011594977295728,0.00924631947793122,0.00491306523360248,0.00312106498091012,0.0063387537384569,0.0106904755356453,0.0126510392634797,0.00695894612140742,0.00313875004898336,0.0101014251607623,0.0109146127009312,0.00311025396188073,0.00562061982336246,0.00916347478844674,0.0105211342352957,0.00780537764117778,0.0192453511598823,0.00470335060337845,0.0101309749134715,0.00453753184314717,0.00973969446174346,0.00712135138069053,0.0135280707456271,0.00702113295576332,0.00636171020697409,0.00434725083265488,0.00737333727680619,0.00320510767222667,0.00759717235311822,0.000682311453507778,0.00978720272103478,0.00694803518263393,0.00567788347616323,0.00868686888790017,0.00947341197273094,0.00941433162618261,0.00290294185424929,0.0143263559174454,0.0130759869039969,0.00945518948589918,0.0126367325461709,0.00510368564510342,0.0087657235027601,0.0054536815881955,0.00540107392424532,0.00840001261214291,0.00649698205514859,0.0171641317404245,0.0138278395068002,0.00917155495967422,0.0170649807731326,0.00976904636769123,0.00723065916543651,0.00538507593279171,0.00988848730453814,0.00359774464840734,0.011771478603489,0.0105365811787986,0.0119249850792828,0.00140915060725596,0.0175335954820739,0.00276909399829439,0.00742771542821676,0.00459614067776065,0.0037000929598852,0.00397615004068915,0.00804775345108311,0.00877276081887235,0.00937954875584039,0.0049018705942831,0.00379600807465393,0.00242695020713481,0.00763436109452148,0.0148284347163843,0.00792178788413831,0.00723640728423612,0.0158493461263893,0.00960268329923636,0.00419128901221231,0.0125955248836168,0.0135657761462417,0.00902772869732804,0.0039353199369719,0.010602657812609,0.0119407109310516,0.00461503495779253,0.00611731798265269,0.00933831201217979,0.00626316809871846,0.00599409470768345,0.0112460041641549,0.00344134706610819,0.00476370582506164,0.000777627427568262,0.0110199877319801,0.00829076560971256,0.00649613105474295,0.0105646683851539,0.00209480462821302,0.0166735716650161,0.00550531546901896,0.0157664398860666,0.00871592863526299,0.0112432380725325,0.0116126173367193,0.00355034925622085,0.00500141763967567,0.0160702904432229,0.00557232244838457,0.00935417036743584,0.0107882838344869,0.00330807799199251,0.0112410760045796,0.0133230894892796,0.0141668932845713,0.00430272733755338,0.00350215228437288,0.00458007019927616,0.00884505843650763,0.0105279468523191,0.00594528476770806,0.0070258338494865,0.0041377845787887,0.00966812210995629,0.00525882338632237,0.00441409946363197,0.0103815390863004,0.0115962050322375,0.0133339201761677,0.0110786820710759,0.0185250047594722,0.00926276893230375,0.0118718097063202,0.0068267181549773,0.00688163285922489,0.00493792876652492,0.00680359595137366,0.01095422166488,0.00262317574807497,0.00312226812309833,0.0123798140213109,0.0117426424791009,0.00481908801470023,0.00367320756734983,0.00784277743102204,0.00488478331963808,0.0133832021398214,0.00627474881347364,0.00298903422963069,0.0198686539067383,0.0105670029898363,0.00927676382899145,0.0102219487041579,0.00592767439176395,0.011212981310299,0.00746769903626996,0.00468698911028585,0.0171211048499709,0.00393130717535447,0.00645793709953979,0.0122883193434201,0.00701914900808668,0.0157023665993381,0.0167985207855242,0.0106963819891847,0.0150867654631672,0.00766041640008338,0.00868889145720234,0.00384697746385132,0.00508223239240876,0.0104561730279456,0.0207411730841736,0.00792596772203587,0.00564240467378646,0.00208356734929684,0.0039407033450389,0.00977286539342727,0.00793923995292371,0.0110973772554856,0.00726816640199598,0.00883019210091573,0.0114613615994676,0.00593833742434445,0.00539772427969028,0.0101721501699095,0.0152481816510143,0.0107572560193884,0.0132142003438753,0.00693987804684178,0.0101746483885362,0.012751469850881,0.00486254737902523,0.00817257145641863,0.00563393446487831,0.0042372678060872,0.00853301312075106,0.00861124372640711,0.0122697117336064,0.0145229414009979,0.0142853422355506,0.00649754095383274,0.00691637532506921,0.00930135222828965,0.00525628708680964,0.0125017816362965,0.0105930905173965,0.00519091775404993,0.00478102561032027,0.00925577507127784,0.0107383722242328,0.00717105139583274,0.00697378021460042,0.00532805695808923,0.00823400552047489,0.00701327498631375,0.0133613751651434,0.0129445879302108,0.0082802473797511,0.0102841687943354,0.0122532601119164,0.00326314397754562,0.0165664037189529,0.00541396865217383,0.0125266317541402,0.01187368758492,0.00787819106705057,0.0106143347596719,0.0110752926055791,0.0113469003612349,0.00823265558899106,0.00634021518130031,0.0145917888029117,0.00717567980873252,0.0123459494860326,0.0109984879691135,0.00493510410656352,0.0050068837665298,0.0109887935611361,0.00509191794328886,0.0124453337325535,0.00833483392510855,0.0155838910797761,0.00571580799526613,0.00575973862781467,0.0140029428279353,0.00888556822820978,0.00660238199612227,0.0101828935259507,0.0028346277433204,0.00804783515601274,0.00907725744090978,0.00962523821291165,0.00663674325456235,0.00246383994119829,0.00484147203337833,0.00841542392985304,0.0139923377587771,0.0107432618448652,0.00653173382917011,0.00939196437125213,0.00666403099033952,0.00529351215616007,0.012470651337752,0.0106368795576563,0.00801781268047049,0.00810525621470417,0.00965726462650895,0.00545596915179512,0.00427541293446548,0.00812065181101823,0.00945262795850645,0.00642939867016257,0.00181642522080422,0.0117666275779475,0.00532258809809264,0.00432888374648334,0.00737217981906043,0.00360562447303444,0.00408112253051931,0.00563705792668678,0.00383086617962338,0.00722783026916437,0.00688672643167001,0.0118762552524714,0.00579458500768363,0.0130231018949254,0.00923470775783895,0.00858985497731981,0.00737836219132117,0.00925674368132875,0.00482646359767023,0.00329004303625522,0.00738429968408701,0.00392495847803846,0.00977916282616013,0.00978731514460712,0.00759691842801835,0.00512934719732949,0.0111906749393615,0.00694356968698813,0.00836789888649075,0.00468098908075421,0.00853697172086047,0.0167364601326432,0.0183889898282303,0.00799339180326307,0.0092430805385302,0.00395482672549883,0.0116595953918547,0.0072307193466342,0.0159429578708736,0.00732307137912828,0.00728541349641304,0.00901988012283881,0.0152116813126842,0.010879416040272,0.00875172546523312,0.0118888887333904,0.00485336082694839,0.01130252728995,0.0122029676508389,0.00282223425364505,0.00419104460264084,0.00377907354153608,0.00575407072063724,0.00435646370645983,0.0120481933783375,0.0147821222330875,0.00689244515857812,0.00903565338399431,0.0143440356483401,0.00587246003564207,0.00799762514260451,0.0140305579634897,0.0070456912741891,0.0046940124793012,0.00569243156430414,0.00987661620965197,0.00682638046973908,0.0223833763869521,0.00834839142545897,0.00888309193848347,0.00712015689091698,0.0115646128197797,0.00945725855418753,0.016615662216943,0.00264318984568357,0.00537437334384964,0.00391608904244328,0.00783812774517895,0.0147095765215108,0.0115451575998393,0.0138148107345475,0.0109525619844496,0.0132170345429597,0.0127645968582864,0.0136371400540753,0.0151047281377988,0.0147883666105614,0.00829832612772639,0.0102673472659385,0.00489614165711897,0.00961351069543243,0.00407046888762188,0.00521448627269849,0.00284630879015361,0.0108320467328124,0.008882063848391,0.00267595939834368,0.00565885220599038,0.0105192969513247,0.00425773377772463,0.00258984429464694,0.00739455187596731,0.00477956264870407,0.00344764153326976,0.00942316260499613,0.0123118908549167,0.00493394365709739,0.00833721774952678,0.00783649673056264,0.00115615370554462,0.00723924011719893,0.0135606547846161,0.00390145319733761,0.0109515284467822,0.0104157454224266,0.00589670208851339,0.0143105252545713,0.0120480867797967,0.00804067775355816,0.0125585777904135,0.00451400363286851,0.00447136077600461,0.00684866526271457,0.00552375502730314,0.010995410573651,0.00990497478476434,0.00385581488761394,0.0164555633605941,0.00569912131935043,0.0125489293479151,0.00354570744400129,0.00492693751961215,0.0102179669015461,0.00521682223847527,0.0096654176626478,0.00728701025260714,0.00704034622236349,0.00459412457688962,0.0143653251106411,0.0114566977888873,0.00494666153066718,0.00993170893335101,0.00777178951808947,0.00728280578028445,0.00978391455455994,0.00299464011803866,0.00653053678956028,0.00832568239681741,0.0094734964820248,0.0123793643698061,0.00450210073207874,0.00775240736900732,0.00660106757813087,0.00422126298106884,0.0125030777773657,0.00783599062839039,0.00173031781775916,0.00924819099943649,0.0136885127017701,0.00495194776895295,0.0046719337248348,0.00931732935743481,0.00949903195416886,0.00670931297881378,0.00969685864916546,0.00729728340899372,0.00492004540904197,0.00256094340525661,0.0071372602779541,0.006566122801729,0.00247005522292942,0.0145392206649919,0.0125731658105624,0.00442274197355219,0.00376121855557469,0.00929562068797958,0.00439268156812879,0.00512402618854568,0.00812842184234954,0.0020770931750503,0.0109060435813638,0.00260200977090006,0.00596712282613584,0.00408957843893008,0.00771772486912511,0.00363847341993967,0.00582004934099756,0.00523857732638533,0.00666096056662115,0.00610234033288172,0.00414232110790915,0.00886855006275034,0.00320267413845704,0.00554320558721322,0.0104013683580311,0.00510239251118126,0.0119101428712916,0.00885910839995124,0.0218908144630952,0.0122570220462705,0.00636178597426971,0.0089004962139194,0.00472897966981152,0.0091184105054453,0.0129615776743136,0.00640060712806713,0.00744029592579739,0.0110676411658062,0.00400342532008478,0.0102812151725492,0.00822757896685463,0.00644824391958047,0.0150869442666361,0.00455379879771896,0.00344733604499658,0.0123947964531256,0.00832824183770131,0.00908032151934481,0.005599252019232,0.00572016553849066,0.0143274548279601,0.00572908399352601,0.0017898106044625,0.00862628308444763,0.00436951373230765,0.0110458506044112,0.0139604212183012,0.00709569500986096,0.00667378188716899,0.00689019227571423,0.00669484418583392,0.00438902785844584,0.00627760271619123,0.0109930012544872,0.00352923883403646,0.00699477379333237,0.00981643989144395,0.00666719963015026,0.00226604320342585,0.00631011940687047,0.00702581492518299,0.00983123960490484,0.00988193691524799,0.00415308162718655,0.00870773336894989,0.0105901698264232,0.00843633732832812,0.00622964127076222,0.01427328917448,0.00756718979535396,0.00881722336568833,0.00710605648049101,0.00292861040867339,0.0107309206019917,0.00242023438031841,0.00705024328846822,0.00459326600942076,0.00779376231463989,0.0113116444559542,0.00562324185650633,0.0112066324114225,0.00487376861288811,0.0105136240388621,0.00593803413404411,0.00951857324898024,0.00567847861100307,0.00773989865739477,0.00374612576419986,0.0058746344067895,0.00292860035358322,0.00952559898856531,0.00987761945270671,0.00891554281056809,0.00415537656041533,0.00312396180198612,0.00283330550041901,0.00545943017802279,0.0127469269820088,0.0175401678241962,0.00591330687797107,0.00550917984061618,0.00963476143686135,0.00714874660918411,0.00739385220806336,0.00972677677644255,0.0107933159160361,0.0123713687461978,0.00990997023050622,0.0126242556388632,0.00400543121045014,0.00649568930685402,0.00874275072820522,0.0047160761113512,0.00298625825002495,0.0264084927311702,0.00541739802179212,0.00782870068588115,0.00420714647314839,0.0137116120160186,0.00805923356761529,0.0208359573148439,0.00811841174708685,0.00631763545666105,0.0118199617774874,0.0135101807283263,0.00453663889962264,0.00720919282010509,0.0133137903488006,0.0150688193411526,0.00267658314142843,0.014100531511474,0.00628374187072001,0.00948810724744446,0.0133692440867393,0.0118165398066894,0.0146530398082427,0.00804766047408118,0.00758780835046718,0.00538529799389731,0.0070737208302691,0.00301644462613558,0.00727219545833618,0.0109345161296023,0.00886147481253456,0.00187503358148994,0.00873784690245133,0.00247275983456034,0.00897919078430535,0.00426077168224402,0.00521860789603155,0.0148767438110113,0.00318338017492801,0.00988309312287822,0.00180197912746764,0.00484062913850908,0.00584542390505975,0.00635495434984847,0.0064658826933251,0.011346531770269,0.00923359215909634,0.0055951681474589,0.0088874933270204,0.00712034453551817,0.00367079297252186,0.00974791405820073,0.00358050246932308,0.0023898717060444,0.00693646092484473,0.0067945504757575,0.00449264285341672,0.0111163328608644,0.0047967519351443,0.0101693003074121,0.012528801356696,0.0122435044264581,0.00922825317685744,0.00300943018234819,0.0179781027846622,0.0134504629647367,0.00489320829363118,0.0150612904418327,0.00412689705305808,0.0115115096166945,0.0124064601726188,0.00578159021699134,0.0131748594561002,0.00763938008914898,0.00574749317228039,0.00995701762372744,0.00787804128425122,0.0182931820547339,0.0103067517541188,0.0102480834934332,0.00592788101961883,0.0149793473619188,0.00483386309449581,0.0118625477232179,0.00982302698092138,0.0161276033425842,0.0113438960805856,0.00684558285486851,0.00562246227840879,0.00383538991965101,0.0150950531102974,0.00988452516996968,0.00835804647628728,0.00899364916671969,0.00850802625341966,0.00571870641721015,0.00992772480462774,0.0151847045384094,0.0059235890165043,0.0113692896700772,0.00439852590581893,0.00726393146911136,0.0105766864364248,0.00926624608092312,0.00598335025365502,0.00555365999456507,0.0145451507141186,0.00779343171293018,0.0129675855773624,0.00757792419221709,0.0123563025877758,0.0115627883913313,0.00278827768098683,0.00927305518187834,0.00638797931575193,0.0131448001866603,0.00623255576516428,0.00317548639128231,0.00686735453962748,0.00645174215967718,0.0134550542379184,0.00201228049348788,0.0122546001286598,0.00626435766143927,0.0143000031143877,0.00455387399948609,0.0084782232501858,0.00599970340230164,0.0167223570247557,0.0126232510707844,0.00864224535718415,0.00368289766394971,0.0081593249175951,0.00968528802949277,0.00756570574648333,0.00992056085191284,0.00278219058557233,0.00643504872686046,0.00565276872012251,0.00919744735733615,0.00654474083746011,0.00800336099189504,0.0207381381633898,0.0142630157424999,0.00542973499193015,0.00452483411398722,0.0109633356558945,0.00643494670417177,0.00410967619661862,0.00602748822951514,0.00696789724728736,0.00245945877568491,0.00429250537237278,0.006762190917348,0.0059107120349602,0.00902219914133486,0.00423240354028813,0.00876160573614713,0.00813048936253141,0.00940211070123341,0.00904938639972384,0.00462223777395939,0.00371470812029734,0.00605345764857398,0.00470587125347453,0.0115489068287542,0.00546063239182907,0.0178455748067581,0.0102861082590485,0.0123573851208006,0.00766490553511444,0.00579888008587951,0.00334317774465994,0.00917906792985398,0.00303351915504833,0.00871660130652011,0.0102713898688657,0.00439081772693036,0.00452858227103435,0.00717805438787076,0.00373098950147549,0.00450295041272908,0.0100806684664876,0.0142187922074226,0.0195400852088752,0.0139117049793381,0.00821214192589513,0.00118473521704495,0.0064200272626016,0.0082157169425124,0.0047910141968346,0.00471305064612356,0.0172361432211713,0.00532011913729271,0.0110035134742208,0.0111809916162634,0.00658301188338097,0.0168001049141195,0.00843627115387136,0.0180402389768648,0.00287645286890624,0.00236382919305561,0.0075003106150078,0.0121965459467166,0.00396525291955426,0.0145412281507511,0.00243955330819101,0.00548649066924371,0.0129330416425253,0.00902716822061012,0.0126492849576765,0.00631676792115304,0.00334385046329747,0.00567256527307756,0.00842075868132676,0.00566966676914397,0.0163340910384496,0.0124072678728468,0.00713455082953402,0.0151623224330377,0.00868071474868345,0.00682362927805696,0.00439765549250348,0.00715118682403785,0.0122555263434689,0.00353828643404408,0.00700822881733861,0.0118850471143528,0.0124128424769473,0.00622293197696379,0.0114638887294764,0.01014947693538,0.0160043903502998,0.00797444390444518,0.0134915772180992,0.00233766550947131,0.00924983855128066,0.0087869089593219,0.00682530520241838,0.00337321575631574,0.0133872951575893,0.00601379013776987,0.00699575891797529,0.0088020160298267,0.0295827697925235,0.00739901037961373,0.00821546338463682,0.00309833269207282,0.00837419417127403,0.00440746985306833,0.0103232329003155,0.00318854917717359,0.0172313094852999,0.00889812401237836,0.0174903270963238,0.00142899865783362,0.0058820727122485,0.0106609818074561,0.0234367630672365,0.0104678782436171,0.00611915696171006,0.00296566320992064,0.00937236202192108,0.011289498106147,0.00875491124033612,0.00453961402405093,0.0107288113883331,0.00570301866488587,0.0097806992352828,0.00303508571769251,0.00574149440454567,0.0148769150923407,0.0106850386236121,0.00436164623079024,0.00469089417112778,0.024578938406857,0.0159038187409754,0.00699159652756594,0.0105885452576793,0.00147352172926167,0.0143381344672902,0.0080065837490352,0.00614336663366181,0.0131580193977771,0.00703820599043551,0.00564208420330862,0.0110234797343673,0.00588097334760052,0.00894961970948954,0.0130626166926905,0.00547210673489677,0.00909844861133605,0.00920537147316793,0.00716505938861559,0.00662889775390546,0.0111649418890228,0.00887363474185806,0.00409648294562555,0.00870243649571608,0.0110281392789753,0.0125197492383137,0.00792981884596411,0.0123768733711898,0.0112594244260093,0.0151989985521432,0.00421968057798944,0.0109008543151076,0.0115827257219495,0.00783938373857858,0.006984153382745,0.00935614612416106,0.00574302605372932,0.00330832801806602,0.0095441907614183,0.00433337868594928,0.00457773990086463,0.00628795705454047,0.0164864430399616,0.00815651144955356,0.0059711751373312,0.00557769555664654,0.00746169300367572,0.0118667436450404,0.00373598823109228,0.00607819527255489,0.00390134300305902,0.0131681362233049,0.0163365837012835,0.0114835827540873,0.00989011802155593,0.00523991137622865,0.0121950340322721,0.0130032156067552,0.00673126189446804,0.00652237994804855,0.00368429328155606,0.00780738678049953,0.0118699437575131,0.00578784992500074,0.00167742848046419,0.00772260051193783,0.00761472658775708,0.00363565544505512,0.0121814066526201,0.0124729478097734,0.0039977701694156,0.00255054578153935,0.00432680960328126,0.00611757076941525,0.0095402646054674,0.0039161628338054,0.00481023156413302,0.0107232854392059,0.00976725849733338,0.00386546178795014,0.0104675595165618,0.00500517116712627,0.00694675633776444,0.00795523006460965,0.00918678895961796,0.0136168875648237,0.0017245929428289,0.0039785816030391,0.00884387533616628,0.00778329043796311,0.00960557122020591,0.00580219737095748,0.00508527150167391,0.0116349813615379,0.0112679313882645,0.0128281146266734,0.00391840149252772,0.0184881651886381,0.0125737435147461,0.0095683911666329,0.0070373795940098,0.00375526879873071,0.00820208684496189,0.0177777779615297,0.0110291200174092,0.00787026108308877,0.00954514660280836,0.00905618166027319,0.00783810049271524,0.00796893533778085,0.00241093968368291,0.00374080047703984,0.00732978968747478,0.0115519720491621,0.00712485914007649,0.00296903868587569,0.010466051392126,0.00905495678538434,0.00717134276188913,0.0109076453138512,0.00965723518768421,0.00549276768362961,0.00472319805707888,0.00495178514275554,0.00305961976511776,0.01729677777487,0.00677414020606835,0.00523497690455521,0.00545052448602714,0.00923564817710565,0.00739928631432583,0.00991248371618479,0.00315097031925382,0.00502141347244981,0.00753043595843102,0.00325068771758104,0.0159828580391201,0.00751544059305478,0.013487904252537,0.00606819296466038,0.0115111603692552,0.0069587125621501,0.024525466705265,0.0122520468939435,0.0139097099586869,0.0050112111822358,0.00327261015813007,0.0104681099937175,0.0142241903050504,0.00234151484329056,0.00799930237091395,0.00922898352600717,0.0110071589069439,0.0129913799055361,0.0205494485854049,0.00247664600068281,0.00452907115743612,0.00845982929658962,0.00650880924956017,0.00377691332976042,0.00826603709256124,0.00742684870126226,0.00258314897882459,0.00644764052017516,0.0122747488637699,0.00596210719649591,0.0053080396356703,0.0157936768686765,0.00584125615278895,0.00763245921184943,0.0103400661954245,0.0127631535683289,0.0112370253778826,0.00362315055345723,0.00494613644273499,0.00727170127910587,0.0105867490456751,0.0033208986779811,0.0098269707026295,0.00868049400204799,0.0130069916434005,0.00703547501736884,0.010022611037767,0.00370911326453444,0.0190367408800039,0.00804406141374694,0.0141001265319498,0.00721145124051518,0.00948266235645081,0.00602106114354312,0.00601982975649133,0.0155058607890518,0.00685379207146269,0.00340900887196623,0.0101348350404943,0.00590381575472049,0.00794517608073492,0.00632046819364894,0.0131662475883578,0.0204494913578249,0.0108722831694376,0.0125650054111532,0.00801968275474367,0.00291709116502957,0.0105644823714788,0.00397375699028063,0.00357527728504437,0.0112717367074667,0.00885822843971616,0.0162142543199197,0.00710637404293267,0.00632480862581453,0.00748046777578365,0.00695841775727174,0.00934570566801501,0.0051943734435171,0.00293472562672228,0.00588623030801982,0.00919893760547439,0.00413348179562937,0.014611709256273,0.00989998418887008,0.0029964194006696,0.00573868840687482,0.00210856274643821,0.00874639188535353,0.00735123062941617,0.00654753168598038,0.00750894477435038,0.012075730115977,0.0148125175190482,0.012438822637628,0.00869543776826644,0.00929213321007523,0.00847033315736576,0.00915347234732655,0.00830656507646058,0.00541563813160501,0.00288941803330584,0.00951352064291686,0.00183842602294613,0.00787901086887958,0.0108179102181866,0.00569427014471028,0.00500400766296442,0.0064737395945226,0.0112762578167533,0.00514095832595364,0.00237214814444679,0.011419930216801,0.00457464147030595,0.0188430499063086,0.00389685401879305,0.0142664312897797,0.00866409584970921,0.00975430624804149,0.0146344306353793,0.0108487851427057,0.00525196285318959,0.0154089041142468,0.0162637884992073,0.00834654839392842,0.00601180996405041,0.0106374348844709,0.00649140201827999,0.0130654428394937,0.00344887615966303,0.00746598809782515,0.0076007325104855,0.0123296740419833,0.00904424189766223,0.013895371837328,0.00609793942769545,0.00845775858519682,0.0081571950828165,0.0109390607810636,0.00733154169739284,0.0080935946193708,0.0111037947478636,0.00663373269869831,0.00371003358569174,0.00981147149923249,0.00643034237912345,0.0106779457303183,0.00717134839617402,0.0042170593844005,0.00224642060831842,0.0188733799031085,0.00977023069979953,0.0101301432914709,0.0103004999825878,0.00520968002424072,0.00757421357638934,0.00916856314379438,0.00765591838690385,0.00650493245517273,0.0116823230901252,0.00551058232524154,0.00577458504539121,0.00868315265616574,0.00761856068623823,0.00238364684686249,0.00925538155070906,0.00786575201660822,0.00612420858806691,0.00872578934363742,0.00553151604037065,0.00608553739302664,0.00572761333330555,0.00979779365295147,0.0051659618016275,0.00232657031627311,0.00959633279671362,0.0120744408527422,0.0118612197887554,0.00710855273552563,0.0161420097358308,0.0059641125191872,0.0121585150993207,0.0082994003329254,0.0175842138512817,0.00703991491687175,0.00669726210695878,0.0108804225397856,0.0155341393363682,0.0122507515653037,0.0191080910761519,0.00342487050974595,0.00566176414599701,0.00512335409112767,0.00563645246158262,0.0059309176417998,0.00703762720023006,0.00587314920071487,0.00569130335032166,0.0025235635236508,0.0138118767059467,0.0079380737500135,0.007002098381862,0.0122774862509333,0.00659027766313434,0.0123236328714898,0.00985332282176173,0.00866774364091781,0.00878402812046055,0.0132352254148777,0.0126482503384591,0.0058594869937791,0.00780360898418449,0.00544581904883471,0.00707512876379316,0.00621394224287399,0.0154137747369012,0.00320942210515227,0.0140473952859837,0.00987998669467708,0.0133760459462877,0.00964039911179182,0.00615968080400958,0.00865746107701186,0.00252965835261804,0.00363125864159118,0.00388431212769326,0.00505425365632781,0.00511138183034993,0.0235092847638157,0.0115980496669246,0.0102800001330569,0.00968093457125744,0.0128969353280896,0.00946203150385259,0.010378049992093,0.0048964503216008,0.011794600357687,0.00877722186480299,0.0159236650021451,0.00569154639395921,0.00849280029841071,0.00388361886347545,0.00745916080281304,0.00477038534696694,0.00653827618016114,0.00894851510267841,0.00650258976630943,0.00652583659156356,0.0135957523136674,0.0108137066431467,0.0052345042747459,0.00919494118289355,0.00746613446884844,0.00647169034937175,0.00632701724869376,0.00273757693668828,0.0117194592972647,0.00664792217078414,0.0139870946051932,0.00463269327749001,0.0126337540053911,0.00513272756401811,0.00627937908898829,0.00927082023802328,0.00532425364075508,0.00333208195733283,0.0132415117006224,0.00785222022170975,0.00307996009496618,0.00231982224128376,0.0069667883732471,0.0113639669805536,0.00442296690990697,0.0162239781947844,0.0104076924109739,0.00463114902759108,0.00469639109123567,0.0121537341264681,0.00816868388266292,0.00909246166382268,0.00112257542334624,0.00356502612944996,0.0057064358197505,0.00792646010814624,0.00617019105984066,0.0144384360917719,0.00537279448853887,0.00356440320453396,0.00831516364761346,0.0163814644437536,0.00754814806091958,0.00371124455547813,0.00672042149130407,0.0164656540960582,0.00912895964948063,0.00493116605375064,0.00686693564625757,0.00946482812375721,0.0087310410211164,0.0102121620108582,0.00685413782795952,0.00980169399030488,0.00454667403817292,0.00767490965450881,0.00237013614882816,0.00650358302297072,0.0113146163767645,0.00839898174319925,0.00431217085212711,0.0101868098470525,0.0132595910187983,0.00753405836864881,0.00723924651755085,0.0104161100126601,0.00686080717660383,0.00500353537089793,0.0121080926189362,0.00425996443988053,0.00907301809356209,0.00931374928282084,0.00627901756639034,0.00609695099219169,0.00490886969332433,0.00908962410112837,0.0132945378821877,0.0141581769185879,0.0205949527336312,0.00732428924362864,0.00922608049073326,0.00821060228527648,0.0142627484001257,0.00188158680187724,0.00614918443457735,0.0145991730307319,0.00308651726321737,0.0191852558331994,0.0107726338906581,0.00769482401212662,0.0198406251451953,0.00889556070496156,0.00308984231236818,0.00536888468075379,0.00613080291188637,0.0111902917825914,0.00245780536155253,0.00402442526649995,0.0085201753320245,0.00677908142419226,0.0200114309239376,0.00745571587495495,0.0046512493002499,0.00907671112902651,0.00622150052286256,0.011211990948523,0.00836111894212851,0.00636844203886648,0.00705925271186743,0.00555753788387936,0.00778300051755957,0.0090924490683247,0.00973970898396189,0.0105110365948236,0.00475258179048499,0.0059414892819276,0.0127536997343622,0.00923340882277063,0.00511808040597287,0.00575417989979545,0.00776394279818656,0.00782499065093928,0.00933015114745224,0.00389819962274709,0.0114328593485111,0.00822404247272825,0.0218110729187715,0.00626047277206317,0.00801159108582739,0.00895772009813297,0.0146692033294611,0.0125558313093572,0.00491351385802459,0.00397753548957961,0.00615535964567857,0.00375659679669416,0.00531548257336426,0.011039762646082,0.0116496715356017,0.00658037634387456,0.00422910819876824,0.00689592657894679,0.00957063177773423,0.00771445414291065,0.00837696382452115,0.00612690837082343,0.00743625430286095,0.00404714110359307,0.00527321467262219,0.0133623218763028,0.00749574536617213,0.0063646544303624,0.00764512193047828,0.0130689133883077,0.00269982171961479,0.00518234020114072,0.00637713604259093,0.0182572848435974,0.00769840234766136,0.00589513972304589,0.0133617177570986,0.0059403617971931,0.011823096934362,0.00532021134953116,0.0059692050386869,0.0110360638559302,0.00618316231574643,0.0200346864449998,0.00722255037861656,0.00683505503880087,0.00540606766769693,0.0115915790957618,0.00856183197416064,0.00286702187180882,0.00821922913411921,0.00979060296652786,0.00377629773996696,0.00543688011912587,0.00601515752100286,0.00600825256082839,0.00823680082362856,0.0157715109389082,0.00237922395595208,0.0143337117106781,0.00691436251212838,0.0096844328595565,0.0100092892565962,0.00511719046736886,0.00772030506578116,0.00675842208142115,0.00688496230852039,0.00917117583043766,0.00704302814027215,0.0109180948831167,0.0140645478670281,0.00442937167460761,0.0047960387318917,0.00448936726243247,0.0125257523882726,0.00945594603595238,0.0133224293695968,0.00260123632530614,0.00489565759642813,0.00815676847250111,0.00516018725462175,0.00471822013624534,0.0104739986650557,0.00507227627109362,0.0027237069965646,0.0208009589420205,0.00846046184011754,0.0118261743033879,0.0140346565061958,0.00275290210787194,0.0154528505644616,0.0112687431528695,0.00737047146392981,0.012420511635495,0.0110438096319522,0.0111514785302009,0.0124629374878083,0.0120668784202393,0.012473994378551,0.00742526552327969,0.0190341441082584,0.0123264315358834,0.0178042837122875,0.016956950642642,0.0107316486631694,0.0124278639138868,0.0184654331976267,0.0114207738754324,0.00431750480172592,0.00782954104496118,0.00513402061133918,0.0176986872857966,0.0029749242654347,0.00381446855891154,0.00884240257987701,0.0103035821009851,0.00541046344007521,0.014659184256837,0.00691726674194719,0.00630367812672098,0.00961299757637133,0.00594102708882122,0.00705421535331816,0.00788723177793555,0.0154204431523703,0.00462465862560194,0.00760721471308157,0.00461760536409668,0.00762973489693651,0.0119500357985259,0.00774378696124822,0.00781879995641688,0.00898917217637781,0.00578743657738199,0.0157819249458176,0.00673266372814198,0.00708552512323799,0.00662209894029379,0.0108675020610538,0.0124873437405693,0.010773181691995,0.00362472054930986,0.00506156570366536,0.00477945946895821,0.0115603576725258,0.00827149594197124,0.00385208681610035,0.00732308904520011,0.00473581526221798,0.00805008189172128,0.00657155485409137,0.00606017388130031,0.0149351127912126,0.00465596032375158,0.00887672497764741,0.00623883222585061,0.00412246903890606,0.0234993001945112,0.00792360402267987,0.00569854365743102,0.00590886038205761,0.00619228981697125,0.00372020240752045,0.00512749749672686,0.00788853460806177,0.015146390452022,0.0186580859926687,0.0103001046007068,0.00383808458825742,0.0183641330355792,0.00261456832372938,0.00692612025612852,0.00565053739031612,0.0132746494807092,0.00713276159011015,0.00567753040708428,0.00199931883746442,0.00930784042751901,0.00667532164516595,0.00672373524319949,0.0056755659278855,0.0103030060237143,0.00930426725155803,0.00629723167473673,0.00858833151257626,0.00866455296304697,0.00593054502750636,0.00553122534816423,0.010426073680658,0.0138477837425683,0.00830491694895597,0.00333602052925312,0.00766464605227838,0.00635008283343708,0.0122644534136696,0.00398603410008674,0.00356462119673825,0.0100310894983447,0.00407105461747766,0.00859430083811665,0.00546400959344369,0.00268694592886824,0.0118131129818765,0.010963955935256,0.00695063660652647,0.00974642093275452,0.0167472625031959,0.00786856355884328,0.00658145959645806,0.0086295738694287,0.0109555245448182,0.00836784913994273,0.0119256021509123,0.00964671153389807,0.00518563694395792,0.00840357419602487,0.00712249977004207,0.00479114166625629,0.00615922624495483,0.0166918034113579,0.00192572766290035,0.00291584841077656,0.0179224562854127,0.00842076878130144,0.0120882108926205,0.0085344284808806,0.0085594649558232,0.0153784078832359,0.0102398654946549,0.00868237664467379,0.00832482950834808,0.0080934627070731,0.00346867907617262,0.00808023873379182,0.00296443465527752,0.00662770208911717,0.0219465055953477,0.00594545675608149,0.00356130354822844,0.00577937109029393,0.0100062804272332,0.00709414067298823,0.0116132357833469,0.0070477266419622,0.00758367796338842,0.0100974546562531,0.00699467492614223,0.00634571018465145,0.0054866215645748,0.00510146227405883,0.00713114163380589,0.0138602735927845,0.00443935891542646,0.0102593417276687,0.0119384701710601,0.0118974143620671,0.00579633763341358,0.0128892085163055,0.00846720027555309,0.00364834606725928,0.00714555305453546,0.0106417973192372,0.00749009699657928,0.00701592005357915,0.00706475327145567,0.00691757557620141,0.0119441466712371,0.00624982147621837,0.00243949201598668,0.00322323782528052,0.00670923010967128,0.0105241440873895,0.00837199477691477,0.00671868467856666,0.0114723887275181,0.0053917911110147,0.00446005808723029,0.00864956893433922,0.00905148710287696,0.0118918654122332,0.00730897827359458,0.00694855844115666,0.00825541717741531,0.0103138819102997,0.00953547917576684,0.00957171694388393,0.00777383649679877,0.00741758519022388,0.00687670501195816,0.00650493777205297,0.0111273921863826,0.00870959319346911,0.0120348637080902,0.00573854449850965,0.00322742903619507,0.00717848714133732,0.013855929637142,0.00731877476983474,0.00797020874157175,0.0159180203243024,0.0150793603657075,0.00512859682070158,0.00847115410669863,0.0159922656551427,0.0127430956978583,0.00398191264711728,0.00984461747783225,0.00898592402370783,0.00146460778799299,0.0112660374895278,0.0124112172890997,0.0104477534182846,0.0149681165595851,0.0134259689415001,0.00841567054414622,0.0146834724014834,0.00346600050725735,0.00660231438037492,0.0136101557244065,0.00869166692550155,0.00558709970585647,0.00950211784188563,0.0115630688009062,0.00717279541080658,0.00671959981506537,0.00615555877692029,0.0229080266095101,0.0071989315337684,0.0113176280148504,0.0129677911669031,0.0121010003246804,0.00559908660003881,0.0033247453334904,0.00925220340666142,0.00490270336320882,0.00648260167949229,0.00557570798562951,0.00475462730495868,0.00727132496092294,0.00866114927108911,0.0143821111813754,0.0132799579624461,0.0214204338022476,0.00809095617413264,0.0126669855786518,0.00504526089973362,0.0042260358858518,0.00455567889648652,0.00713477506527443,0.00416191381942138,0.00315983704965561,0.00588197160890893,0.00450220168807099,0.0146742458164076,0.00692424082796047,0.00488844757876565,0.00495523918465065,0.00740472448031437,0.0105759248808415,0.00904988054520711,0.00516130423064171,0.00410149272166142,0.00464138413022915,0.00823037848580205,0.00551322425991132,0.0139636667299537,0.0109363594010675,0.00236407309942923,0.00373505093999871,0.00559405210861411,0.0130016308307882,0.0253266581952515,0.0085665755538771,0.0121412859166138,0.00514337214063802,0.0100047379079675,0.00850759468173401,0.00728984736450863,0.00693836130517489,0.0141773526003283,0.00711271977856387,0.00602228650219751,0.00717994692687977,0.00979653207414712,0.0118274238156317,0.0025613515182358,0.00912889065990946,0.010448997186233,0.00367725722079963,0.00767845741134077,0.0111893190063094,0.00901660089459555,0.00520831335643074,0.00629707445069287,0.0048573383389852,0.0136244802769906,0.0127969418766783,0.0152427327730551,0.0098489177649912,0.00577401619560876,0.00920605827958498,0.0040349604815826,0.00374290847542421,0.00265600760610576,0.0104690770037956,0.00895505626173128,0.00585999406608347,0.00879054077442421,0.00460904359966263,0.0113688717245835,0.0180352839035509,0.0155883388921749,0.0196097433001322,0.0104507451939266,0.00980533240587004,0.00870344272820232,0.00349818780020272,0.00753844311209402,0.00522286700970274,0.00287830593710934,0.0101643472686713,0.0103773216383684,0.00904232305186925,0.00827539232745023,0.00930099522654798,0.012595016714022,0.00822559079047454,0.0053665698466096,0.0137468214548053,0.0053629751450737,0.00502099797658292,0.0117470025395783,0.00988106896079814,0.00346466259735099,0.00768115092321379,0.0157633879651357,0.00758529039605271,0.00425668744166796,0.00692853041898798,0.0106564255469366,0.00417577876218271,0.00561671056664179,0.010255800647482,0.00635193275587056,0.00909649759084813,0.0132213657670962,0.00852127023119661,0.0113648795495249,0.0105669629439071,0.00288607074780578,0.00422901959071629,0.00452779302782591,0.00417904612423216,0.00845167950394934,0.00502816000621953,0.00969815468332228,0.00553907683321162,0.00425605077402406,0.00927481412827354,0.0123219771635303,0.00602729436912628,0.015118987409607,0.00498031321653677,0.0122658062725594,0.00466562839911766,0.00987012582047684,0.00379583326320519,0.015249917263435,0.0127700726956822,0.00387766443344626,0.00845614971092851,0.0133246883033339,0.00933336854719741,0.00290743421840058,0.00506988787701712,0.00232774650407538,0.00931526079479197,0.0074641773508131,0.00793670673333448,0.0068867134575847,0.00679954968242299,0.00894208635115344,0.00858333478985559,0.015071045086815,0.00486128384609735,0.00900352669700614,0.00680412906958652,0.00377989489959722,0.0084499637836228,0.00771037829067219,0.0211392216472116,0.00358669421115206,0.00423312939351759,0.0148769158201641,0.00958340026429281,0.0198299660618242,0.0157079161863508,0.0102303675822479,0.010106514071937,0.0175760443087821,0.0039131204475756,0.00702462510092886,0.00689885281360954,0.014013394768763,0.00935075631250805,0.0107455094517072,0.00675047838384844,0.0104764441757498,0.00548398556673966,0.00937439370435807,0.0182682525433117,0.00483287520181982,0.0146562053292022,0.00576400806048603,0.00525154091578989,0.0232571986844801,0.00652377316278302,0.0102427715215418,0.013731430371791,0.00843490388729815,0.00439374168595408,0.00642082925617789,0.00728293905403342,0.00897068848809897,0.00611397512776916,0.0114988015750085,0.00477920757970346,0.00899215756888681,0.00711504489223771,0.00585236481581421,0.0132870802340368,0.0068492634984106,0.0104630651948429,0.00978137544351511,0.00316974110192864,0.0114539252469091,0.0114525187084407,0.0109333836336539,0.01200969466862,0.00546771467590699,0.00857082419822149,0.00555679602712631,0.00995671458699576,0.0191871398260247,0.00382097949748015,0.00333599665794509,0.00973904621957363,0.00549581287350331,0.00421200725996273,0.00615445461677279,0.00666234015880692,0.00857055436428185,0.00673422790269179,0.00744348205361445,0.0122795387340061,0.00608002288297308,0.0116628659285141,0.0128778957015624,0.0151176974645966,0.0084591385040604,0.00693948217827356,0.00786095259832068,0.00751211592867015,0.00434953915515725,0.0118654408920966,0.00876668111432348,0.0071695587162481,0.0161606519846968,0.0134205925155055,0.00180065450106665,0.0159900511015517,0.00530815950806131,0.00483389749936662,0.00572153952845985,0.0117011079444018,0.00325904961956031,0.00358697933808511,0.00529513067455604,0.00738622876370989,0.00379697085522337,0.00402708822467457,0.0123284384873243,0.00291047556888946,0.00847882528285541,0.00656117554216743,0.00595109967928081,0.00219442147298208,0.0125612354300281,0.0125630725213532,0.00859110566451077,0.00324904195986514,0.00721202329017721,0.00700074077526588,0.00667075316015842,0.0108685287028118,0.00767510983759654,0.00398093887833465,0.0114040592303435,0.00914334393310521,0.015779183248641,0.0050437549432944,0.00525996709881767,0.00807160756363902,0.0100566175920976,0.00730010614501425,0.00670305610710875,0.00273934869264978,0.00769169225918894,0.0214179696888913,0.00633822716923314,0.0110309664795102,0.0109289324920133,0.00463354435292608,0.00556572821790715,0.00497510612634742,0.00724340354682934,0.0112096399915719,0.00425753534087051,0.00550208653670884,0.0124536938998234,0.0174497695570427,0.0206161105429275,0.0110589880972375,0.0031160066318517,0.00445794023145825,0.0125812018844503,0.00857065203651575,0.00586467722996822,0.00823508317466306,0.0109672725250823,0.00468325033241455,0.0146311024755342,0.0125595575869754,0.0118563952256258,0.0064401879568828,0.0105989664179696,0.00753636804206124,0.0137346261372006,0.0120460038959748,0.00531167555152053,0.0132326779750332,0.0194109996244375,0.00350757948220855,0.00929333175780513,0.0104790198094499,0.00194675648274277,0.0105904823757795,0.0107001321408128,0.00648278405809967,0.011408082947127,0.00690925982572567,0.0121434735007901,0.0115196071728149,0.00407448742213236,0.0119699302144656,0.0159327995768624,0.0062020159919006,0.011371506163245,0.0116022108422233,0.0228735030876649,0.0101179500558504,0.00902480950241511,0.00421418993321769,0.00600036714137022,0.00795948870272003,0.00995157928755181,0.00528664268687111,0.00593840501466229,0.00879114130699812,0.0026626499770193,0.00814646585910719,0.00662395029254178,0.00833866958230361,0.0149771201026371,0.00819869300260201,0.00644818784877438,0.00329917786443958,0.0176133719571071,0.00759049993094239,0.0103294919440366,0.00217736617408293,0.00693535703193876,0.00723989943507147,0.0058597107282354,0.00442952346445968,0.012177281063642,0.0135687741005873,0.00494504077242924,0.00903615418875377,0.00533355521025573,0.0117114129231557,0.00746622314015473,0.00805233538875488,0.0148730096388669,0.00937471985852667,0.00843045616155852,0.00723907717242785,0.0109062415435485,0.011598926541918,0.00593500603512063,0.00826181976400172,0.00324526676204356,0.00723690934016339,0.00922733121259617,0.00769760108184238,0.0150095007635662,0.00741598838594602,0.0100134954575718,0.00677880570290525,0.0109964328256691,0.0122826098897432,0.00544307833778083,0.00497562329315064,0.00423221288517709,0.00782408457630187,0.00693780252300989,0.00675116491493425,0.00466618238315767,0.0123505949803344,0.009446639265304,0.00284721255195218,0.00559473089857182,0.00972706431407964,0.0119749738890383,0.0089521838298872,0.018155267605369,0.0047773950372221,0.0098806330978524,0.00244201105021402,0.0123328633582476,0.0036934113867466,0.00644729402153425,0.00374826991102913,0.00691670772262689,0.0102237689496383,0.0126459992387641,0.00524839458039552,0.00576264553326785,0.0079641861703747,0.00576534824462036,0.00657991671336857,0.00704764673560173,0.0096331056206157,0.0152093677621448,0.00683830754866035,0.00362193535722751,0.00742412724491751,0.0137613925427581,0.00644153557391767,0.00869485802609312,0.00436459793900157,0.0107032730394756,0.00538021890028415,0.010150404398908,0.00539939753998684,0.00883626592898098,0.00635435956139826,0.00687997156840688,0.0111515745535245,0.0131154377459417,0.0119473369713539,0.0172055970564454,0.00577729453497879,0.019448082044473,0.00683067092093328,0.00599653115506943,0.00702821579515963,0.00523036804309873,0.00511767899863167,0.011786830574911,0.00235351911795961,0.00698033871121308,0.0121979234580144,0.0114424807472644,0.00907642639102441,0.00634859995640937,0.0102893908504534,0.0119899154769912,0.00731257120390344,0.0130366756522242,0.00641769832933623,0.0170124360123443,0.0205455920534767,0.0118301509067216,0.0158710902736295,0.0177347621809005,0.00581556765590796,0.00511826839551497,0.00427043678009089,0.0112437384592746,0.00515632987521377,0.00857641364859463,0.0108750040419461,0.00485930409112465,0.00865232671953982,0.00458035210894281,0.00908255252025993,0.00856899701757206,0.0173149734191385,0.00371019816981967,0.00844361859171548,0.00360335785235914,0.00795050265501773,0.0121125663217195,0.00345253698450463,0.00237467185020096,0.00631701670307659,0.00546193664021077,0.00580919432874568,0.00523712152562226,0.0105862568702694,0.00939267832835592,0.0126494142301314,0.0107796579201362,0.00537651721081669,0.00916938907622814,0.0131103533062726,0.00491943644156852,0.00928628154366501,0.0102058515966405,0.0174854968148752,0.00615746714353403,0.00466072976074387,0.00990410587593721,0.00724011771252198,0.00385978592362951,0.00877623173024655,0.00399821696785746,0.00820257625925832,0.019394320825649,0.013189945786717,0.00940448810687024,0.0107492488163964,0.00144720534076561,0.0130793930570408,0.00526456351906092,0.00409924478189224,0.00829272129111687,0.00543137633979649,0.00775155608305894,0.00371282268907884,0.00278023920007035,0.00568243576632003,0.00984940340294212,0.0117223490712777,0.00823640458549322,0.0174070189313457,0.012649786614933,0.00680156777203074,0.0137217518508727,0.00561200391297584,0.00642165763069944,0.00998487120865519,0.0160190808346862,0.0221742527893084,0.00812944258192266,0.00830237088072981,0.0137444216373698,0.0125045698358906,0.00809171111210335,0.0188774161656742,0.00670145300980006,0.00775542135859294,0.00585076743312881,0.00315828590586733,0.0109419576522643,0.00350306369465629,0.00716880491287264,0.00409571592507368,0.00850769456872624,0.0104605648819966,0.0090035062782209,0.0129738538162849,0.0109267786573103,0.0123358343110403,0.00786062786626042,0.0140453279162182,0.00752441770338852,0.00915120660530026,0.0131624922560171,0.00843150323745965,0.00751251239500197,0.0175381832593459,0.00823633138301905,0.00879205532341776,0.0121446030118818,0.00858638012455002,0.00672812183268891,0.00658056484916281,0.0151751812995575,0.0118925119854143,0.0130114240792966,0.00818442836573326,0.00308711278677441,0.00607825712385018,0.00454921504725882,0.00901893265298167,0.0101387682743258,0.0122822266858225,0.0118602407283672,0.00610024792033159,0.00598112164050626,0.00682538882661571,0.0125476371114,0.0120759853329663,0.0179823986827025,0.00943150360546448,0.00941966602639162,0.00679849955381813,0.00819898615553964,0.0205072318943077,0.00230944650468751,0.00953437263491228,0.00750805737333158,0.00315915874093374,0.00804220232731915,0.00792381168435491,0.00778150058801996,0.0108202077275707,0.00147307346252386,0.0113410453253752,0.00352942251226324,0.00920520937242453,0.0177162403209571,0.00586551954559531,0.00499103702101167,0.0155016402457913,0.0212212632933536,0.00488584013011288,0.00836062174050957,0.00926579601645006,0.00634381523349359,0.00226062473484269,0.00967425078512727,0.0109531233326879,0.0186470322537637,0.00595128700885074,0.0137736754748055,0.00423315469560367,0.00882429616170198,0.00755982463907184,0.00547856216794435,0.00506360447316195,0.00774932820717025,0.0157979401689637,0.00893706166208737,0.00550631978456958,0.00779843088212915,0.00760564089226682,0.00362212800180839,0.0124375680362004,0.0123326978204939,0.00521050999916898,0.0043266292010933,0.0045678064570065,0.00717672746314542,0.0121822153036416,0.00461654171139869,0.00572551960986365,0.00737877285217448,0.00809392882626446,0.0226492611010208,0.00668651609862164,0.0094937993192844,0.01527845821711,0.0100328232735491,0.00783624027147963,0.00880497506747809,0.00539447294903278,0.00374920657794087,0.00851320063393268,0.00576615154318224,0.00520680618759587,0.0182772461820981,0.00709249198233469,0.00628221619515024,0.00887322793534773,0.00745961325000364,0.0092668092372661,0.01203690383839,0.00482546513413135,0.00673477252634598,0.00419638673895169,0.00682846801787747,0.0107503536964293,0.0200369983980196,0.0117430810287355,0.00442747288188024,0.00311634668161666,0.0113238868391109,0.00861497042217542,0.00553265616959177,0.00718776338261085,0.00357921158706561,0.00491901020623468,0.00852734094880451,0.010172513439727,0.00174872759747128,0.0139318768166106,0.00592379055352173,0.0161037119517008,0.00345206852387664,0.00496363310762079,0.00579926615043062,0.00441837450634887,0.0066739743772159,0.00384802603529162,0.00833391370070095,0.00618296379201668,0.00649493927620579,0.0119508591113659,0.0105154311071736,0.00864812900212634,0.00577432374886555,0.00412455552652954,0.00960875439253465,0.00604021882976806,0.0128605219360839,0.0038437684442151,0.0112707108754606,0.00423019224392196,0.00890291358643345,0.0132416503468385,0.00346202933663729,0.00571263119714057,0.0178594789186587,0.0094281813593957,0.00419601862566732,0.0089248957850148,0.0078909191944029,0.0105059592994013,0.0017877306429158,0.00417004074891325,0.0171266379359858,0.00685066347618241,0.0129441678649512,0.0110449234033825,0.00920748046688171,0.0108938589965505,0.0114313292888658,0.00964028960731265,0.00889437509555185,0.00988335432702986,0.0116541267583829,0.00930042052455068,0.0110142271442642,0.00780089460625755,0.00231061165938845,0.00576141458519654,0.00929848690803015,0.00525938368369622,0.0116996698989746,0.00408012656340286,0.00910990740744246,0.00566977795748132,0.0146827547152449,0.00178595362792059,0.0115150618578858,0.00430922931369232,0.00423840873986936,0.0230476171021883,0.0114334364753241,0.00443676000931798,0.00533207841735447,0.00416319458407847,0.00831301647846276,0.00902324618701156,0.0110949225142961,0.00377816685164828,0.00745547446413914,0.0100234497428606,0.0082851767641837,0.0114790822099059,0.00516256829456189,0.00277183005604679,0.0129717403400255,0.0058009390057509,0.00377532745648692,0.00726638500269746,0.0111624136512403,0.00454384448632163,0.0105130706407833,0.00403170398288575,0.0109851764222543,0.00649434914065905,0.00479114870156755,0.00685499184543553,0.00719679594038976,0.011496939443167,0.0100784788127917,0.0110503341449569,0.00664600370955781,0.00622663351375149,0.00266142823882106,0.00689186513299409,0.014694264835903,0.0138488722136816,0.00877504682801822,0.00213738092228805,0.0178439175345336,0.00956379115688544,0.0155389113608018,0.00712945568362383,0.00556784599340384,0.00974596963601961,0.0106840889987095,0.0124024319235128,0.00471615017809189,0.00625511410340168,0.0143965987855602,0.00437672792203135,0.00673250772554651,0.00732963386922425,0.010550409433906,0.00658942879004865,0.00932969187588576,0.012105242197626,0.00315573369831357,0.00765775924819329,0.00232776918426331,0.0141584985833448,0.0131636351932846,0.00631829294215489,0.0127803022135895,0.00482861734854208,0.00689361035260525,0.00564594204135714,0.00739164255663912,0.00659273037665205,0.0075581242356749,0.00998444231372995,0.00642892286387842,0.00664368058979594,0.00899776966195888,0.00915456464404687,0.0181574950259783,0.0142778322849436,0.00914178065178001,0.00660929815220107,0.0189583491268909,0.0197024586435595,0.0115967582481522,0.00474193930626876,0.0088419812805234,0.00459733998430471,0.00613054397443502,0.00703562064716638,0.0080907147149268,0.00696812986667208,0.00638601292909156,0.0122985933882359,0.0054934080709003,0.00397302141990515,0.011350960357579,0.0203204628052088,0.00941726663954601,0.00930841320924936,0.010430966482731,0.00838303552162452,0.011320982922837,0.00860092951098109,0.0132652505283824,0.00604304599049693,0.00882435882565421,0.00508005409966047,0.00766941430008104,0.00438421755268975,0.00471397189175943,0.00592114480845339,0.0158525466333835,0.0171769540917954,0.00370710396989945,0.0107236019236894,0.00893577960208897,0.00552877093130272,0.0201031332105581,0.00691009846160825,0.0161433492088726,0.0119324032281486,0.00915211484448092,0.00823927764084686,0.00223017879842156,0.00681598641793929,0.00752182898116371,0.00571167332900792,0.00990658805018389,0.00326134597368222,0.00750033445197235,0.00505412019039373,0.00718617066915676,0.0126822823059144,0.00515929837414947,0.0104517135217637,0.00719164690346959,0.00783437154542292,0.00332360387437136,0.00811724064562341,0.00660052667155492,0.010677650007833,0.00581217392289207,0.0113607938674009,0.0131783041763694,0.0078804645259842,0.00933604594448064,0.0123269085505595,0.00715612236430741,0.00299849780639259,0.0154754732356407,0.0124364108599666,0.00999358751492775,0.00208788030471944,0.00602059447532599,0.00231726892895138,0.0042903944517372,0.00660695143530595,0.00912287022586592,0.00437141545946211,0.015074404109294,0.00680505158703206,0.0128676584788934,0.0106064895828555,0.0018122927582737,0.0107255171898788,0.0187855101413257,0.0114665748731469,0.0057580942747365,0.0170342188924283,0.0067125823526523,0.00833225646147547,0.00709064816433796,0.00544965623868332,0.00499179006912814,0.00917694644616938,0.0233694248419047,0.00489274466659621,0.00935924348580029,0.00663552552143959,0.00721986720345826,0.0119874568430847,0.00293928627026389,0.00143448206720228,0.00642316156458506,0.00776392484340684,0.00692314255392756,0.00639777957595594,0.00949856122699544,0.0148907552796649,0.00614899550031795,0.00597034790517611,0.00964417289534588,0.011463343815166,0.010197892936812,0.00844119877220784,0.00551516414306641,0.0092484156102988,0.0149961431169968,0.0031635740939218,0.00772485447020438,0.00496258946029867,0.00671652411548031,0.00937902584728343,0.00802065335003839,0.00683935120755959,0.00562030293823189,0.00651315450741707,0.00465829353590173,0.0116329746765484,0.0107843933539775,0.00919788566788934,0.00493946977142984,0.00504622948264003,0.00679423617487671,0.00825827182487436,0.00544729268920609,0.0078022973920555,0.00692349126664195,0.00951935124498634,0.012086653289997,0.00410077270183803,0.0146385324941311,0.0135110115602955,0.00995896642980881,0.0095073551719036,0.0075152737681972,0.0091441124759025,0.00988121386169213,0.00820184726759708,0.00846543849912488,0.0114238368213296,0.00970643524597894,0.00890101016071818,0.00719073507011805,0.00507169425609886,0.0174566010950956,0.0103980286999875,0.00984246747513468,0.00691103684704666,0.00777724358538751,0.00361332809281297,0.00885266441321904,0.00359646869315483,0.00664382651975169,0.00981917520357201,0.00671212511598007,0.00983160994218352,0.00356402972123115,0.00892091120440221,0.00343794991716393,0.00627266359035411,0.0150097562141778,0.0103190525865366,0.00228170903140042,0.00838429023449009,0.00403481968282341,0.0102315586167282,0.0175681610317185,0.00749479920087829,0.00890528276329513,0.0151866710621886,0.00582082095565134,0.0126336305392427,0.0118815810261954,0.00879077568525373,0.00666617055868994,0.0153242759270926,0.0107915696937209,0.0131042139728881,0.0134662367557568,0.00968660286092902,0.00602850416702104,0.0104667152168642,0.00932532978294263,0.00923271012106813,0.00615842564047662,0.0046142938106594,0.00325712707220973,0.0088477419270962,0.00354430126599696,0.00663302371995494,0.00707336376494627,0.00584398207596049,0.00702907748622811,0.010023789121119,0.00533626321335342,0.0121660824545257,0.00676212508712465,0.00430706227392993,0.00646090283383299,0.00546798132645734,0.0106677591575625,0.0072685774592229,0.0108117866111127,0.00904777469348061,0.00755364565693963,0.0105759906081813,0.00562289263852735,0.00950154003799007,0.00774441339661602,0.00696429960339758,0.0181353824675531,0.0101775037518663,0.0127588461521197,0.00664448565363642,0.00528747003506689,0.00948232409292138,0.00473144275307972,0.00377644815907639,0.00666484242730534,0.0122481300467077,0.0135706687725573,0.0024660680859798,0.00438985249457559,0.00797486884342012,0.00762588532508659,0.0104279615387945,0.00983763071697123,0.00317454085264546,0.00627419348268251,0.00781940331555059,0.00347606440717413,0.0056915218020018,0.00780208519140317,0.00916857255978926,0.00785722191747002,0.011799393258397,0.00632595757449328,0.00977358742532012,0.00803761747332704,0.00490659997463649,0.00596844815683558,0.0119053088333577,0.0038121522166506,0.00536284098193701,0.00733233796642776,0.0148243943073509,0.00777480407186696,0.00929113724560719,0.0153896648761199,0.0102821765983183,0.00310930192276089,0.00292733363049287,0.00885088177351312,0.00915544631599952,0.00963782183702359,0.00392004925467648,0.00451133376587929,0.00706360214155995,0.00838668701267081,0.00477285261910796,0.010983471175706,0.00285966312860854,0.0077582757470903,0.00859405345734806,0.0135056871247202,0.00639697952690745,0.00684185002559553,0.00584612969459432,0.00766054244625573,0.0127759086065118,0.00232320504967639,0.0176616690387007,0.0129968802245986,0.00954014505437336,0.00700836010043252,0.0077938554149606,0.0124684661001292,0.012283456516017,0.0106372294648296,0.0074309457898983,0.00529646581936044,0.00751878427242168,0.0187270767089431,0.00817817651359126,0.00624710546052332,0.0084243930359045,0.0128357388666955,0.00701024838554957,0.00483457927014654,0.00642360534369172,0.00721825508996341,0.0102473630854221,0.00287292084116506,0.00607584366462037,0.0079817542301047,0.00980202346632542,0.00353734481032597,0.00755295835726222,0.00819059237313297,0.00590290858984775,0.00531868288139316,0.00424005696768318,0.00410443837919185,0.00388025240377636,0.00912485140921393,0.0128071491739964,0.0127048225598271,0.00121956535881694,0.00421492917953159,0.00609926894642269,0.0114246818812411,0.00863053743004853,0.00508746215236474,0.0048297889662377,0.00867890410841895,0.00838140825348601,0.00472657462099181,0.00652786025920378,0.00515401627792074,0.00990798306762143,0.00490066042585743,0.00403665750174137,0.00129066266071328,0.00513945986991821,0.0137872368029779,0.00778284057752606,0.00903271113818105,0.0136189536088591,0.0045858195129095,0.00953390492410629,0.00808725619464991,0.0132627423329476,0.0150784427207478,0.0106431775190226,0.0063863911005555,0.00347711466756989,0.0102603702072604,0.00952865925630473,0.0108784213483082,0.00672309307352777,0.00943643915317431,0.0118669965210819,0.0103069098772422,0.00568418122869487,0.00801157200003673,0.00473021174573958,0.00904652631126314,0.00376844198067962,0.0062174242236672,0.013278904023216,0.00805376909372359,0.015053072520859,0.00832962370467968,0.0186908462125132,0.00738382365769547,0.0122897394361233,0.0115227073951058,0.00276457924920196,0.0186078239668229,0.0116456993531786,0.00632398644071972,0.0072473794952921,0.00712546457765238,0.00851277334665024,0.0037132899809166,0.0101989956577446,0.0102711952755959,0.0067248225709398,0.0106656256610067,0.0084017249865963,0.00834845518250342,0.016559071265522,0.010144981215194,0.0145531668158977,0.0135502435127436,0.00957457895728832,0.0122067413036662,0.0154079759188468,0.0144862780676097,0.0099005614427092,0.00322302418750599,0.0115005817890766,0.0143229393363479,0.014967477762711,0.0104283174692846,0.00721079653067129,0.0028409255034841,0.00708500498627612,0.0161629641857667,0.00492033150870365,0.00709368455776878,0.00621105912320308,0.0105424509560709,0.00946521486079815,0.00999253086081461,0.00708659534627698,0.00499303169025933,0.00843425805657749,0.0117730436402149,0.00907964183540161,0.0056939234911272,0.0105173057199484,0.0141859268139701,0.00298555456650357,0.00638749111145339,0.00444764865270817,0.00508961026994661,0.0155217235426744,0.0100427272352241,0.00650861492519927,0.00625384446552935,0.00635765987297188,0.00643040777702249,0.00215430131516834,0.007189570729633,0.00959178329138921,0.0081689827139513,0.0090558037470185,0.00817072951100858,0.00383735077532268,0.00429420149362007,0.00381666407438397,0.00650908599062968,0.00448506185784131,0.00409204219196405,0.00904145415775182,0.00951705315254187,0.00355844037898708,0.00881713851483144,0.00398772837617576,0.0070305064975929,0.00795822669905699,0.0140526873804015,0.00386549363781038,0.00698580354650521,0.0131671185551165,0.0104858479952249,0.00481633975405549,0.0098165968781229,0.00555521228255312,0.00494523256941424,0.00479326433126398,0.00435977642506639,0.00479398603195974,0.00379302585930893,0.00399395386410426,0.00737268800719493,0.00631045994852721,0.00693816565381224,0.00674965381244286,0.00610997179660724,0.0123152915104283,0.0163325618233233,0.00847467693117593,0.0111867551223894,0.00713636275605219,0.0046409475155023,0.00591671026523925,0.00774183268795336,0.00856898407670801,0.00988753863755758,0.0171793658096638,0.00576785144878626,0.0125633100455011,0.00629170330134452,0.00471308711683573,0.00657586739527771,0.00388190770792533,0.0101987619747053,0.016318013883554,0.00631850379977428,0.0109997759820579,0.00745964003507329,0.0096400432144272,0.0103592511787912,0.00776803096388958,0.00977989701016372,0.00496354250770588,0.00533080807820317,0.00433517203405139,0.0102761112235117,0.00593134462248638,0.0043435795857761,0.0050550394463579,0.0110354301232829,0.0042657328852316,0.00726130367412307,0.00270253373711094,0.0162847237068237,0.00943743662540075,0.00952998942639185,0.0078237217296922,0.00294396596903518,0.00845097936744042,0.0080510205779567,0.00879942668097511,0.0203983567143058,0.00488172429958679,0.0118750399791944,0.00761744793268746,0.00769616530830812,0.00459681941221074,0.0116460527231552,0.0065870198618437,0.00799078004456847,0.00620592513488658,0.00581666248219381,0.00861422613874073,0.0106597968673016,0.00467912906864147,0.012701525046139,0.0158689624188651,0.00744658546460321,0.00992713063693668,0.0155913021622204,0.0102672015214078,0.0108378481054974,0.00368980274625567,0.012912741990551,0.00602243094097969,0.0194062262820982,0.00259341003148848,0.00625445892702226,0.01272309825942,0.00759009315546527,0.015081179070945,0.00643623926176914,0.0179969760461791,0.00453504553816954,0.00386088964365616,0.00744385867866439,0.00405335118097514,0.0039939329089424,0.0105128259703804,0.00519831375573674,0.00713510258210528,0.00850642373159805,0.0152237064770309,0.0100995923323303,0.00739461613863285,0.00801218350661798,0.0107572622697051,0.0103309655063836,0.00702747782094752,0.00860787890482325,0.00560052941826942,0.00392046041020564,0.0100835065250002,0.0128692569784539,0.00884625657141356,0.00623755848214519,0.00713152269396429,0.00853806564458507,0.0119672986440537,0.00494973735109427,0.00697788890522956,0.0125550744602636,0.0113335070497254,0.00767828412422589,0.00552858904223075,0.0022127513431795,0.00323747112850536,0.00465999050738467,0.00743484944932131,0.00443088553958689,0.00246287989802285,0.00338779701062399,0.00774005750830851,0.00603262666812724,0.0101748877518528,0.0091127939977088,0.0109310719926247,0.0115859902491389,0.00221188530452125,0.0132324993582084,0.00698019970283109,0.0059599882598334,0.0055664885494612,0.0124868766508829,0.00595497564428071,0.00540613989404324,0.00512160712326206,0.00237854020932465,0.0140594118133846,0.00956028574241276,0.00785019730965647,0.00632408545348632,0.0194874231207788,0.00342793529841897,0.00932975260097796,0.00750891063141383,0.00415356962337599,0.0044027584539168,0.00169383508117193,0.00664329058710104,0.0155274405030653,0.00701506088388537,0.00579419373843669,0.0110766968041481,0.0119634998582188,0.015222409101568,0.00715878512961691,0.0066454787358719,0.00774404196981573,0.00724406455183568,0.0051017286945102,0.0107338043581201,0.00379927708157033,0.00714610254544631,0.0222007163009777,0.00713541721573452,0.00925981465974035,0.0139466381056734,0.00738321051974776,0.00561676901739379,0.00842182046840612,0.00478066402592916,0.00558114522884029,0.0102552994254852,0.00186712108931403,0.00923017926278358,0.0029771680402517,0.00496029587926476,0.00834454037798034,0.00747262642658741,0.0121365319944216,0.00603659384654198,0.0162763533709555,0.0075523562620806,0.00887887551591955,0.00512060198556691,0.006474123243451,0.0198308165925434,0.00719504618542001,0.0114092095229335,0.00914051236669071,0.00983035796000749,0.00571347037903345,0.0160666020175365,0.0147381125685634,0.00922531752072468,0.0122231833951442,0.0158395394187883,0.00936978934529892,0.0148202394402083,0.00878181265055122,0.00498150007719776,0.00909700408720796,0.00843600875368243,0.00586668554973137,0.00943467622619615,0.0133974328340473,0.00697655410001249,0.00394255623855011,0.00593457147463083,0.00691549667959383,0.00681865353293972,0.00527950043607378,0.0104723819148851,0.00790621825057527,0.00941741187408983,0.00587454189623861,0.00872377751673883,0.00693572765863308,0.00791340911622257,0.013645167647118,0.00656837563235456,0.0094827342769638,0.00678918481622526,0.00713673765724835,0.00493089727622464,0.00602764784783079,0.0102868105824983,0.00683302546867924,0.00777046982459084,0.00835119491322604,0.0108046679681676,0.00530883145196622,0.00271644773392608,0.00729464882175988,0.00434658556611781,0.00591678912430886,0.00312832853086055,0.00677484504905033,0.00560596787575366,0.00742345314170745,0.00781938719203849,0.0223420720389504,0.00233989159392532,0.00724331427067391,0.00842892190078258,0.00634579500671208,0.00438894227549573,0.00996137713973866,0.00890073028472255,0.00924056387784772,0.0125037756670535,0.00382949195224573,0.0075810039167882,0.00763872524462345,0.00857327185544045,0.00278356442682861,0.00899310854913873,0.00171918880692927,0.00694489098226246,0.00766201630073338,0.00452137904406917,0.00242303002119099,0.00742919177034873,0.00692517170739278,0.00371322076504658,0.011520128714689,0.00312315434569917,0.00361264346006888,0.007946700826097,0.0129749295380658,0.0167865495339768,0.0101260774193963,0.00621886139688556,0.0111573073994702,0.0116150580388419,0.00669821617466985,0.00584434140610279,0.00195160937930509,0.0132188204204913,0.00644644243969944,0.00969761530545488,0.0168185016650141,0.00642639082978247,0.00544180398342916,0.00692642996170462,0.00626742824409293,0.00785464148280416,0.0110248895739363,0.00566016961137372,0.00947950632862166,0.0233930180239089,0.00778371685142348,0.00312323846944734,0.00305643069933968,0.00676802462196032,0.0113704719871382,0.0107000978614985,0.0071662923525023,0.0126835130801097,0.00634107603483645,0.00792984816185516,0.00187129895220225,0.00424560909330605,0.0120027748965719,0.0139661107678942,0.010842260822853,0.018355501136741,0.0119609140242922,0.00974033995176427,0.0225742345389673,0.00744175947960306,0.00458488873204066,0.0138874540213388,0.00802728009026623,0.00391762960456763,0.00872215304696278,0.014672400460376,0.00982146632853524,0.00465487229980978,0.0160874785364321,0.00755343082351547,0.0101281451374822,0.00631544074186907,0.00695650733866519,0.0147936830000377,0.00991944551184744,0.00837097411775706,0.0154910378223231,0.00468851969512289,0.00354958738121236,0.00824361019572426,0.00631487015672723,0.00603140424006088,0.00710201878163382,0.00702205925223759,0.00707366764115602,0.0150091205852719,0.00360438831838472,0.00494290611786115,0.0119073532234,0.0104043290537984,0.00497936670782327,0.0124459254898813,0.0104045535750754,0.0112917858926633,0.00872378569383979,0.00276846680300885,0.00546462216771917,0.00841576165130179,0.00832021168912139,0.00822616810999013,0.00375079105737956,0.00961216742124943,0.0206805030928612,0.00984689890613997,0.00871167110197864,0.0126985446964319,0.00557981197093371,0.00838696716487279,0.00640446103255617,0.00837251950801093,0.0114683191076437,0.00796117504151691,0.00746156539897661,0.0137553657541551,0.0177170906304954,0.00530219584473265,0.00829796376162813,0.00675075583647385,0.00584409632942856,0.0176566234142265,0.0121968343721592,0.00540075769561279,0.013719897235195,0.00665502778586554,0.00533791500861626,0.0094950852615188,0.0144540257170592,0.00197921511576573,0.00666762882788994,0.00697321167467924,0.00911112708582366,0.00770018159758965,0.0138203840777847,0.00492041281330617,0.00846779663651072,0.00494154759453858,0.0142503432476835,0.00266917940002485,0.00597568678062599,0.00834923783873382,0.00490062793297482,0.00487971607300343,0.00953976688983665,0.0162413447432419,0.00332279251759021,0.0249365543760249,0.0230335609448384,0.0109558916740936,0.00726409389927483,0.00747892786241326,0.00934257446765075,0.00580905145641109,0.0108504796617323,0.00743398188529361,0.00706938183411937,0.00449001076651355,0.00776002966907315,0.00833284628854033,0.00737525703084901,0.00854702548605452,0.00849574598721773,0.00517861862478373,0.00875128333231991,0.0171710692381391,0.0104303501001285,0.00501652451076843,0.0152406127730142,0.0118978790834512,0.00739310905472037,0.00569520044558578,0.0100424071869124,0.0110466422006977,0.0106319083063664,0.0106571720281133,0.00975355236342416,0.00238639974774182,0.00715769142461209,0.00604861935363906,0.00970343139698778,0.0122982741490608,0.00672752704213908,0.00801368069914493,0.00787533870192057,0.0105066336568258,0.00633014236841178,0.0059502474628149,0.00512257427274685,0.00290176866649812,0.00592537328710705,0.0112871841691469,0.0102939821105034,0.010873504457164,0.00728618085936688,0.0113334921451808,0.0081873103921728,0.0133144598596525,0.00815943277100019,0.00862781667209443,0.0181453191483937,0.0049184285867665,0.0135939219632513,0.004299876149296,0.00571123819211472,0.0109677056894748,0.0122123563448533,0.00394311094883291,0.0104779833297957,0.00642248951422505,0.0149183393663967,0.0110480283329316,0.0106496346094491,0.00227924402603313,0.0136436869204818,0.00657936127963427,0.00408720796150219,0.0103464899394173,0.0127195587826033,0.0110868954201873,0.00447587868378964,0.00532306719407607,0.0068139946713206,0.00878152605686672,0.00901728286576945,0.00641744518188965,0.0194872887623381,0.00603246435199996,0.00798287879960389,0.00915265640003554,0.00742882171041809,0.00924415051351944,0.00979844520892263,0.00514008557814856,0.00261533001846083,0.00291020784057237,0.0108779987694654,0.00660935814981869,0.00311584145193674,0.0158140456310921,0.00865618041231699,0.00904841012385404,0.00640829510461804,0.0121682059640301,0.00763351817369714,0.00474178049257521,0.0114695589624768,0.0072248088504425,0.00648024516022363,0.00679159735292245,0.00482400761077873,0.00646145927377214,0.0124076839197195,0.00783534766441964,0.00587670624719146,0.00350531572792786,0.0065530968448993,0.0105487421399636,0.01066116044375,0.00432941128556249,0.00459997506975966,0.00408289221808933,0.0117494243017858,0.00812798320757385,0.0125201001184529,0.00989381331927721,0.00672591711679562,0.00990606160943317,0.00930811225351882,0.00557548754770828,0.00735860446018129,0.00787692639607124,0.00498451249387866,0.00152266545184324,0.00259273011438495,0.00722691622468585,0.00769932803397013,0.00650965982812146,0.0114680005123627,0.00471941608874673,0.005177759377035,0.00930746154036359,0.00607584824250927,0.0123935798305743,0.00904634686268607,0.00996335526303788,0.00616517306192386,0.00746700583602368,0.0115728077684503,0.0202731198199333,0.00835826710146267,0.00640708100353998,0.0062391090071604,0.00908595518945282,0.00589374571379129,0.0106282980087654,0.0144976846129732,0.00419311506507549,0.00542912653625956,0.00463271526154163,0.00465337065135912,0.00304433871137398,0.00529331040937212,0.00559884765662416,0.00814534222922264,0.00855059717396347,0.00661379363160121,0.0112770117301188,0.00392435544252412,0.0117332754565372,0.00464799935412595,0.0100588045769948,0.00620803082160974,0.0149696222140785,0.00729953944060158,0.0163183392993715,0.00671148749238565,0.00425044495451042,0.0151941124357832,0.00944736561808632,0.00269492680274228,0.00875365068189021,0.00485332752669765,0.0102439158074111,0.00405190716201629,0.00602540354604617,0.0113212425441512,0.00637583183856973,0.0155038813742143,0.00779334674308331,0.00888568876033879,0.00971549226973286,0.00399776709081255,0.00566556926324691,0.00522045679935608,0.00415442396406905,0.0135862599667864,0.0174059948480867,0.0122173841705809,0.00899973244211462,0.00716924138098542,0.00641901258211225,0.00729285525131105,0.00412447874379799,0.0112949052571112,0.0216606637364569,0.00432332503101091,0.0104627949128174,0.00427921490128763,0.00589917601641167,0.0118341745775349,0.00546593209053899,0.00605241616043858,0.00547544477212667,0.00722841442273616,0.0107647040748795,0.00738102965820856,0.0108641282689177,0.00913983155046857,0.00393483200019618,0.005392541700219,0.0106128160613886,0.0230159313695746,0.0100722515321494,0.0067358352020254,0.00534432409563224,0.00877530699796264,0.0105853792539122,0.0109774988467214,0.0086043741315532,0.00891854631180824,0.0113397463820657,0.00792523055855563,0.00620541540372492,0.00669485038198248,0.0122625294791034,0.00844009969540917,0.0128218518563302,0.00464526310828626,0.00799410882687031,0.00839232960096024,0.0127348658759725,0.0065554269187902,0.00339338558046132,0.00484459202385693,0.00338889816035533,0.00965141458531697,0.00614983703218676,0.00783251000645261,0.0124027681516129,0.00893414365593894,0.00414459866710591,0.0140103521587999,0.00614385675908987,0.00992823532753183,0.00880189695490326,0.003568779022132,0.00378543874803914,0.00517495880198622,0.00621385365257301,0.00728516545189412,0.00406742449579095,0.0053955849064621,0.00489051132654629,0.0116757986525402,0.00803677711598377,0.0151758128258854,0.00788194438784303,0.00408597406410053,0.0151159291334948,0.00449027258756435,0.012191593555595,0.0217219699421117,0.0049038958671385,0.0101056948573337,0.00678017582908682,0.0118695524912662,0.00527092493321694,0.00510706021569736,0.00446904766129371,0.0133668794279817,0.00494428953302658,0.00584505499546817,0.00327778748939933,0.00656789786021039,0.00526016083634464,0.0093130940485315,0.00382900423221435,0.00907622908023512,0.00241965025178958,0.0098950701726548,0.0145211867185167,0.00478704353531582,0.00609755674809848,0.00496864821890234,0.0096627741128962,0.00775630589687883,0.014074176659175,0.00719582143146376,0.00986040143720076,0.00895457108016582,0.00635721650473285,0.00290880740473122,0.00294306957475488,0.00734373284643402,0.014788459276451,0.00447510925005679,0.00423836632456685,0.00501060302257122,0.00855793464206452,0.00660206066697076,0.00603923141506605,0.00593106205894325,0.0094230132672707,0.00316671734479066,0.0058112843519265,0.0182478971925006,0.00584607627722102,0.0119261550902889,0.0145452159296826,0.00794758953687861,0.0104340762145221,0.00953186608778533,0.0081030345094649,0.012966614882265,0.00593263515716189,0.0092132642199048,0.00657289361955541,0.0134312058714035,0.00366749415655125,0.00518591991156386,0.0109731868349533,0.00327274360214761,0.0157747904801206,0.00929543219051136,0.0109621805139331,0.0105248913811878,0.0152425867411113,0.00239550702010277,0.0104425637824528,0.00645060319417671,0.0157882269409801,0.0105937882030133,0.0142997920299275,0.00875891615655428,0.0104094805877277,0.00423612939795459,0.00817326115189373,0.00166224071579679,0.00494953709523753,0.00739248039915472,0.00427030904783069,0.0137847677435701,0.00457201012649163,0.00497346413554349,0.00490471905166652,0.00989715670556104,0.00489783094645047,0.0106801537256245,0.00502527941827694,0.00581726803769058,0.0184733315676736,0.00806968969474011,0.00389811331225195,0.00641999095480492,0.00491097913785626,0.00549785670318218,0.00959655984419342,0.00542456728441084,0.00602796460322752,0.0183756901184057,0.00319289700759464,0.00973178430052892,0.0108339895808872,0.00762025562852289,0.00491186002245854,0.0116648938197235,0.00809383459869541,0.00515782303019498,0.00494937973949757,0.00992732515522591,0.00897314325986133,0.00371665592712909,0.00628881383390802,0.00973219202987422,0.0067199056025646,0.00294822171378058,0.0134158903312512,0.00953266656280953,0.00998926517224932,0.0110170299439287,0.00485628084841875,0.0166290876045056,0.00894302946121386,0.0140834599232443,0.00505094529518968,0.00415320831153563,0.00625884294394931,0.00552670247798794,0.00512489762663946,0.00653204668008112,0.0114845804045556,0.0102981595788445,0.00619873470358158,0.00576118867080294,0.00246805095108406,0.00732883156052187,0.00977407925235835,0.00507916078207373,0.0039163596615829,0.00651042881263011,0.00516315071633505,0.0116208338285826,0.0154708283719555,0.00545310295981805,0.0107568282323461,0.0142340581109618,0.00539353073219719,0.00280708177693012,0.0097115359994196,0.00451597622231692,0.00611217305257172,0.00879644159925147,0.00736257071608567,0.0105126959313275,0.00538248686049051,0.00821896626372879,0.0066739567694072,0.00646079329267712,0.00347025065902714,0.00600847272611299,0.00463853277077438,0.0160384693412612,0.00313404980043856,0.0121712001176916,0.0135887800265723,0.0114775614396355,0.0030132312065414,0.0136504090717141,0.00527019399909984,0.0108126651617352,0.00574693194271557,0.00716274362006556,0.019379401027615,0.00660193975042487,0.004186061832634,0.0060960340336623,0.00323698217041492,0.0129006940988631,0.0127511189157582,0.00549017913714206,0.00476917210373551,0.0112492315208031,0.00861987305997036,0.0185458024087483,0.00752492177711245,0.0144395270018049,0.00389820758219078,0.00358928362894515,0.00540489199764845,0.0125698062844018,0.0040157327765476,0.0127751536642489,0.00837776037742274,0.014598896873644,0.0056545745850207,0.00508843260659351,0.0105848630172565,0.00719737457573734,0.00607906257495331,0.0104127816729355,0.00462639588387318,0.0121045676890249,0.00399341074117526,0.0105050374302783,0.0156303079805868,0.0140186461188929,0.00814575072507062,0.00999370173820063,0.0106947748552518,0.00637038743701699,0.00822777337705875,0.00479264064277997,0.00497592801188211,0.00707452576214423,0.00373853393341728,0.00344631254055,0.0114583161717356,0.00662814398109627,0.00701814779570503,0.00681143461014957,0.004780951011087,0.0113161786237475,0.00467613155716425,0.0168051554137125,0.0158168864662387,0.00850175554174402,0.00432741664321841,0.0157672942411919,0.00851968503878048,0.0114200441745178,0.00262616651257871,0.00843871365351532,0.013150121338121,0.00641137969879391,0.0104916436764007,0.00740038727192477,0.00439248301586679,0.00954881867442218,0.00705823730305742,0.00991659623747136,0.00171156549637993,0.0101360484723768,0.00415571163195109,0.00466171297686013,0.0107592149359087,0.0100002097448018,0.00441239972636838,0.0114672877236048,0.0052945780884896,0.00280780533052586,0.0112212920845657,0.00741683392335957,0.00556230899917626,0.00295141213497622,0.0113029059199505,0.00638412079830928,0.00403821674753396,0.0079984008150995,0.010895502189572,0.00896133933002597,0.00560057034328813,0.00797661303899966,0.00818653187557522,0.0128105359398705,0.00549339721024598,0.0116342185354016,0.0127855777029942,0.00319986450210595,0.0125049427778099,0.00726614781283019,0.0168751192936795,0.0188637642738188,0.00658239531214209,0.0149741266195141,0.00808025150643347,0.00932726240472278,0.00242216478450619,0.00502354740990833,0.00801053822203973,0.00755653449150849,0.0139427926126625,0.0131222950523159,0.00591392451662603,0.00385680964438045,0.0120306946424348,0.0111312012601341,0.00791621001960903,0.01301453875202,0.00667693720070421,0.00542870630896888,0.0103996848870337,0.00904436841947611,0.0128385164210335,0.0109065256015671,0.00763862533543689,0.00439786995404939,0.00915287979273566,0.0113911958934195,0.00635823694048315,0.00837255768499467,0.0107368229123623,0.00618865509985508,0.0138717151378041,0.00870425456614273,0.00609403489355109,0.00540773550205977,0.00489571646373532,0.0172567942336223,0.00885936234991105,0.0100413648816863,0.0113616560798249,0.00570486196231732,0.00964638220530419,0.00506126480124514,0.0069611789575364,0.00125839362465313,0.00267443932310659,0.00538258976459268,0.00251783753163735,0.00875023641303204,0.00781052338808846,0.00778016698769816,0.0101199649276725,0.00592215315313218,0.00846458719089029,0.00701348762229533,0.0100003318352277,0.00728774245823149,0.00689188039676784,0.0165155606922206,0.00457705531935382,0.00768899439586083,0.00653728197357142,0.00598988167167863,0.0168421029787277,0.00553762753964267,0.0169241428810156,0.0104946355021541,0.00321580079554135,0.00591561956209115,0.00539630399341164,0.00562919000210882,0.00471997507994811,0.00721985906600331,0.00701763258214531,0.00757532240308162,0.0102036200718122,0.00706824486654188,0.00967786909011888,0.00353166150322071,0.00678981188815088,0.0115189834954529,0.0141787444445289,0.00506001070208615,0.0151818801483576,0.00972716059321877,0.0105477122844016,0.0155227935633947,0.00813514090736406,0.0145128405673012,0.00568574922998633,0.0135833659000307,0.00831045076397376,0.00270267094618337,0.00668065533038529,0.00778103142984317,0.0069736529307296,0.00776758151990951,0.0101886418680568,0.0111866758666283,0.00467187373801335,0.0082739748994984,0.00585590508661317,0.0115899291830101,0.0187337513466671,0.0108950412259564,0.00569470877237951,0.0126201035151461,0.0132128569560435,0.0063740804408236,0.00489443570568423,0.00867136460962046,0.00641539599925267,0.00462896118592876,0.00868182984209513,0.0062055623807671,0.0110354543360104,0.00682873331350146,0.0142822187622876,0.00966742085143002,0.0133536971512594,0.00789517958900845,0.00497569231842038,0.0169284322721071,0.0052342810333045,0.0147563264638351,0.00818422263759453,0.0122854896042295,0.00950010762629796,0.0155612026412259,0.0117433964316521,0.00988431905477385,0.00398501122258316,0.0143105006552566,0.00275046803796591,0.0200268700323785,0.00621101255479907,0.00585754053897865,0.0099715212101464,0.0129620466308157,0.0100788963219985,0.00906109931595571,0.0039909650373234,0.00337517147320726,0.00755842445739559,0.0125535284866606,0.00429615517248379,0.0100665693933455,0.0144853856809791,0.00836816190039771,0.00692105923952504,0.00909277258311342,0.00564384863084322,0.00660249492942871,0.0116147477141083,0.00525913619293396,0.0107781872495767,0.00698009875865171,0.0142719526091058,0.00799841415972362,0.0157517537238017,0.00660081965548742,0.00853333249388327,0.00385873191396594,0.00687700659343192,0.00348577947488408,0.00138206126386046,0.00536227674381577,0.00793515477710867,0.0074911586027212,0.00849908683437143,0.00965551850896566,0.0154518522979015,0.00973034606548308,0.0138947245406587,0.00312645980998174,0.00856803528004879,0.015085188276894,0.00497116707220674,0.0143717863434626,0.00220231194429427,0.00564649862946615,0.0104871773778069,0.0109844034832844,0.0073535491825118,0.00517704033980911,0.00691206656456211,0.00714846037226622,0.00909537830907026,0.00421936829913144,0.0121021874304115,0.00793749646327648,0.0105830482027236,0.00151746976981994,0.00964805296191018,0.0102893043510155,0.011806170285506,0.0131707346703952,0.02003692874013,0.00783950095623611,0.00434509622903378,0.0122503786612215,0.0116249648416968,0.00784157240603406,0.00896254445469102,0.0059813133620706,0.0145411500915935,0.0106785465228487,0.00406572282461959,0.0101123582218164,0.00632991950335162,0.0144542992697422,0.00485121384329514,0.00660887852308476,0.00418999100890525,0.0186143904620766,0.00449117236648365,0.00614438754558365,0.00798415632952513,0.00620892872347908,0.00826832426016435,0.00528063244541392,0.00424288086425678,0.0204791805758014,0.0172315192819927,0.00283344264061023,0.00916410382225593,0.00905984632415804,0.00447699917196218,0.00876663028754834,0.00604165715582964,0.0129880396585085,0.00349281718317733,0.0200777921498715,0.0146902879423634,0.00894410235524669,0.00553039981861014,0.00380179060758492,0.00351166296456077,0.00706425712719426,0.01296870811222,0.0124141215066961,0.00580855561163792,0.00779569510791833,0.00737482649275051,0.00893411830872618,0.0114135179048773,0.0141562639210382,0.0127378422371693,0.0106742221268432,0.00863248047040695,0.00123683607185091,0.00912942655854075,0.00338122887982003,0.00596386402813875,0.0135717362872222,0.0108072219359542,0.0149078059897552,0.00637384907184574,0.00511789613445261,0.00597193702519579,0.00535211452792378,0.0135483250901563,0.0100452872191101,0.0155533883229574,0.00614848413410779,0.00536518299615655,0.00712351547212311,0.00396766907538622,0.00779644825038528,0.00166837098022647,0.00601576665940085,0.00304909323659584,0.00293011680128992,0.0103507472932048,0.00767636242225931,0.0101045389499131,0.00776390942244916,0.00566859754546036,0.0056194275563113,0.00643089771239254,0.00522326322579355,0.00933550122602102,0.00310245879279575,0.0122473164932148,0.00411626927569605,0.00561730759857946,0.00894615079489273,0.0170511751955364,0.0141867883209206,0.00844154857385887,0.00401679347535796,0.0125028873506897,0.0107180391816114,0.0114753981533064,0.0097273596398354,0.0272805472435172,0.0133327916914862,0.0136370121396877,0.0109758047049265,0.00626096280996776,0.00567006949001409,0.0068341791499264,0.00607678280616096,0.0157596209204373,0.00247833582087172,0.00610949327063259,0.00999542240850809,0.0141930475459083,0.0247472399398491,0.010059025815611,0.00914052738060435,0.00976401619081933,0.0145819018645087,0.00489407402982902,0.0104652830473173,0.00993065599627098,0.00465105698121787,0.00852684302876655,0.00300250293118076,0.00878117052969777,0.00432557806723906,0.00669871556791851,0.00885830577674579,0.0128114651694329,0.0153911641484354,0.00530880800888532,0.0172970379438452,0.00908337453067404,0.00634416720147818,0.00932682784223669,0.00617340841032663,0.00563068255478755,0.00609018446087121,0.0111942023538597,0.00696952443756912,0.0150913241434587,0.00936624950876811,0.0142310750865359,0.00712324005367637,0.0108192610008817,0.0174564232130885,0.0120383423239919,0.013834715070818,0.00445968006797896,0.0114535889893768,0.00557344171506987,0.00967319721882826,0.0105164265290095,0.010145396951491,0.0100181701210749,0.00338036468482975,0.0112735612056182,0.0159100215096506,0.00630669582398574,0.00336240778480427,0.0195845491680829,0.0177524992516715,0.0048349819592586,0.00861043101491205,0.0148008267942653,0.00974528057928805,0.0129870271979622,0.00848641535293652,0.0119264362798584,0.00562667031859049,0.0129776172070968,0.00813698531430568,0.0150135595278707,0.0105197700657308,0.0104843333985523,0.00745973243915223,0.00549959838854996,0.00549754517214868,0.0134557865399184,0.00646926080381516,0.00946854135106758,0.0149532130363369,0.0055955221675801,0.0152610429999838,0.0085088156468419,0.00814601337659402,0.00581475533771118,0.00565079818248402,0.0135209637727788,0.0229658417640274,0.00355964880712587,0.00987505549202283,0.00255334342787676,0.0103811981536176,0.0108402829486578,0.0064560911721967,0.00782410365265017,0.00874664238414202,0.0150319137831842,0.01476509791473,0.0087067962820875,0.0075899918243979,0.0215934192121781,0.00343381577989626,0.00775346754687704,0.0099084880703774,0.00554081530854654,0.0111996030510498,0.0029901096919171,0.0175684628283559,0.00937219619746808,0.00719229227097984,0.00829878024382811,0.00989754952875088,0.0166654440121392,0.00849759361004461,0.00568349899912916,0.0102194017413786,0.00618674172102499,0.0175964507876759,0.0069686569856365,0.00546822084213639,0.0154766381174408,0.00833050121093955,0.00955861222640993,0.00465273591321475,0.0127508260016518,0.0117469438607655,0.00863106921441549,0.00697915740974538,0.00720685487869712,0.00976195093949053,0.010201939729527,0.00678006446022321,0.00915973927311866,0.0100523938400262,0.0166811868689842,0.00881116971120371,0.004753326859677,0.00656600638464439,0.00619434787816011,0.0105601625346296,0.00707863215722573,0.00668485103845329,0.00244015570748955,0.00570752535425575,0.00672359736137175,0.00235414673263471,0.00880646370682596,0.00871404879317089,0.00385081304760674,0.00442400171022992,0.0125920839445517,0.00601177440403226,0.0056027807079278,0.00347850298474121,0.00471678589246009,0.0145686183608174,0.00510687577455717,0.0130311686076245,0.00251629469844455,0.00565244886369143,0.00446904606061369,0.0110841803837338,0.00808619561963116,0.00264638111409401,0.0106541716336473,0.00848435420203294,0.00700159171620128,0.0139035827926047,0.010515345082232,0.00839261937692796,0.0109992614639138,0.0207182477059956,0.0113330494447765,0.020872441435212,0.00986786708445275,0.00584013651011878,0.0189632066382254,0.0112474093994256,0.011684135213946,0.008894482484517,0.0145453394351795,0.0116574800952715,0.0145726114895851,0.00971772329982745,0.0234675962960483,0.00574147727124426,0.00655328256374062,0.0213331076377829,0.00406033336611313,0.0132896469823303,0.00351730240994565,0.0101341934186573,0.00368291064772482,0.0138361646099771,0.00689148114977321,0.00498025688048603,0.00264849632251622,0.0067902423620851,0.00629246637175209,0.0110698160753438,0.00782924834069667,0.00655898549298093,0.00840204909558671,0.00453913921526983,0.0151921322327046,0.0103327765666024,0.0167435391567607,0.00347808021943139,0.00983233767227504,0.0157370155911929,0.00773016856350313,0.00784468889214674,0.00347019135098065,0.00900716837448444,0.00287375101338189,0.00499044493822524,0.0140990410885533,0.00576370131044468,0.0183465574102532,0.00431750244088575,0.0158340475910289,0.0100219660892268,0.00621243663216109,0.0074412354213458,0.00694986870242738,0.00199538606139708,0.00657370337148185,0.00886751596778003,0.0185752236548677,0.00655437713146573,0.0150215176239959,0.0149773645909694,0.0109578706719762,0.00774182820833685,0.0105789984316239,0.0168913415141614,0.0100815522885301,0.0280169879643227,0.0129439134203124,0.0105171827843554,0.00338944092053265,0.00641506597852278,0.00303355802751998,0.00596983990567758,0.0192491933545873,0.00467020039219777,0.0097543527761325,0.00731780236999025,0.00426929078874176,0.00465904806996897,0.00830949738441391,0.00605418514437245,0.0139594045206666,0.00766172497168523,0.00426606024592837,0.00671884868740913,0.00539762316219298,0.00605718837330133,0.012070372937989,0.00435964503228657,0.00283783156518121,0.00797313780064157,0.00352312911584252,0.00695475046354443,0.0160250221735101,0.0086242334040737,0.00713535111245604,0.00429516249472768,0.00285246006550007,0.00432110542007595,0.00366171420586292,0.00587232995426392,0.00882695976455524,0.0101015158712067,0.00700994428971646,0.0124751099350472,0.0155944469913581,0.00697589410267285,0.0095972085176005,0.005425434125676,0.00362317124412973,0.00878674747058915,0.00747972859335535,0.0107960237789288,0.00841793269201335,0.0173896304994477,0.00655737452159137,0.00274915716935176,0.0082229240213446,0.00608193488785674,0.00666781755127601,0.0115421753413439,0.0131036579287622,0.0114635185494682,0.0130663718819141,0.00686185359826389,0.0117746150045681,0.00497205819435089,0.00294292765119551,0.0139312959280879,0.000631754223339442,0.00833483987741251,0.00698354919229029,0.0117324167727278,0.00985528493420294,0.00467972066458986,0.0105254277399403,0.00256451216692053,0.00405279999562567,0.0101970851346571,0.0127443927509214,0.00551614969585627,0.00881073941841855,0.00727827555611214,0.00535531697641556,0.00594096306405693,0.00437489815812695,0.00921638867612286,0.00462136542694041,0.00386933293409142,0.00933299137645233,0.00974897078826231,0.00498163024911032,0.0103848698733038,0.00326548949737637,0.00368945354642201,0.00852099826258329,0.011846557724306,0.00102618993568869,0.00573768525798174,0.00928302777805616,0.00804145826825094,0.00602934593635111,0.00370419486994195,0.0054573726826518,0.00606506345252596,0.00894152597380549,0.00460233019091396,0.0116478868134226,0.0151294904761923,0.00727333316878468,0.00966169714873185,0.0123704097413529,0.0124521619946822,0.00918386291585297,0.010096086438615,0.0087238659845304,0.0112747097499377,0.0076508545531793,0.00867624327089939,0.00386350227429882,0.0153620071651905,0.00581530158658803,0.00781555747446738,0.00891924950699434,0.00695769645535695,0.00465317198123851,0.00484692333106564,0.00437314996936722,0.00576532050177708,0.0037134610543623,0.00728202716007228,0.00864810312776132,0.00483126331717363,0.0145522860858613,0.00593698317233656,0.00262603997426092,0.00413582657094944,0.00499551643911191,0.016967550462426,0.00590826106443693,0.00478333901631835,0.00996193887354548,0.0137650798011728,0.0192781231926836,0.00814672279297979,0.00587846285949776,0.0127950574700632,0.0112759299484601,0.00643039378743251,0.00388446570184257,0.00240555443599999,0.0136122254294665,0.00504975901482877,0.0145517996530842,0.00960678248218509,0.00401199537449148,0.010891618598604,0.00910125206286853,0.00581855515385166,0.00931177186542944,0.0223757050656419,0.00587529694612567,0.0101997832390759,0.00905422521489535,0.0134635843917695,0.00378310732041441,0.0102793551183803,0.00399500722698465,0.00810130810990722,0.0113646165621025,0.0108211752455962,0.0151522905774025,0.010592566772908,0.00561156962102495,0.0081529401493125,0.00963368184274825,0.00925785111278815,0.00765209607736465,0.00633730614916293,0.00828265161451092,0.0116245918211975,0.0133383616620774,0.0138873365371367,0.00526339134298531,0.0114899904484799,0.0061613548560992,0.00479577831365582,0.00367244455962838,0.00984622377147667,0.00344712350736269,0.00120825555466418,0.00411989074020469,0.0123587144506509,0.0181546433748521,0.00488646938786425,0.0161553195667648,0.00694144044722613,0.0114031237414872,0.00908565723062695,0.007702364055047,0.00636794839162724,0.0147472621463859,0.0113493410058056,0.00762642579793373,0.00896968006240682,0.0040336968552077,0.00726553113541502,0.00488876316397735,0.00999840146298701,0.0094001356071017,0.00771717977842127,0.00671996014246832,0.00208513497792936,0.00976283573106188,0.00731315657414999,0.0124169969095499,0.00707734832108246,0.00432627230061705,0.00580491991513998,0.013623685368294,0.00912799348583413,0.00569122768073355,0.0104384868179064,0.0169640363982305,0.00667933870472322,0.00599182405045057,0.0066793395093902,0.00424812851788888,0.00735064338728231,0.00753084300349623,0.00176604655000379,0.00712889801183396,0.00145997683607907,0.011519908928738,0.00409400623494159,0.0116056703412706,0.00721449615222305,0.00645140714399288,0.0142899818268894,0.00669065246153383,0.00146736724424181,0.0125746124352263,0.00765811647116643,0.0203015372423189,0.0153711230611369,0.00755418893764359,0.00791573088821956,0.00569901082047195,0.00268669515216576,0.00589187938789158,0.0126879843068703,0.00707806133911926,0.0068408206785733,0.00448016866779875,0.00736634582683189,0.00946899142008251,0.00833334149845474,0.00609526859412179,0.00872807871770587,0.00735828985029239,0.00715268170532511,0.00345894884980702,0.00462761825901605,0.00442738996336689,0.00520860621720073,0.00744586970301205,0.000595081014254909,0.00682929502235787,0.0037830369380209,0.00571958577690203,0.00921426377373139,0.0204202426924448,0.0168583185422998,0.00291893714106027,0.00254502899556171,0.00873047522368751,0.0112572954961779,0.00810085885060857,0.0135936775363587,0.00621921662790916,0.00960808936997285,0.00888559576553449,0.00702644729862728,0.00718088913272054,0.0122735032541182,0.00714139042215521,0.00890798999111941,0.00689667399659807,0.00589470978572256,0.0111863571067201,0.00171290763385259,0.00330540029893946,0.00570936366070714,0.00755666349066928,0.0045194249124566,0.00942361532306183,0.00881494571566355,0.0154949879358711,0.00237528412053123,0.00474844156656466,0.00786924951982145,0.00800997589839072,0.00791999440332443,0.0077338738560623,0.0107710353064241,0.00503172105362757,0.0187006303141266,0.00783888674874369,0.00938394020198854,0.0152241545831279,0.00684599788744113,0.0079061909133478,0.00818712376886086,0.0125136516423752,0.00458066666639736,0.0110105088593524,0.0116236710020824,0.00604471293012811,0.00514708450527527,0.0105738290875368,0.0083780924226637,0.00621018809699247,0.00215901231133505,0.00432910362792653,0.0076227234848249,0.00504203182995148,0.00289277581347504,0.00774023074433829,0.00287759021695279,0.0113969410817752,0.00611110492500925,0.00352429652046069,0.0109332851090005,0.0188250264309583,0.0161065182744975,0.00581033306037978,0.0119457219964459,0.00825103821316535,0.00404234301742046,0.00377586271684009,0.00478651986804237,0.00957852727282821,0.00550828204493914,0.00454203244562103,0.00887250004494059,0.00884458734074687,0.0144372567930736,0.00578696668644491,0.00754320726978121,0.00819402985037891,0.0127809259123095,0.0169770846438311,0.00597695872277806,0.0114417533721291,0.0176514821272459,0.00299851297853485,0.00355148696250122,0.00717300387508145,0.0116950598271564,0.00601758378718442,0.00663340628854669,0.0120997807201328,0.00518602114864597,0.00438971550867645,0.00912422864983203,0.0037581647789328,0.011584909134016,0.00831729903622008,0.0116804226138387,0.0045545716772931,0.0146298277885427,0.00888404612927044,0.00832529448702378,0.00364900114035438,0.00925692450960284,0.0129665140718181,0.0136242592669745,0.0167142212999834,0.0059137031173828,0.0100992539373202,0.00798248381429967,0.00523743202947293,0.00772605894596694,0.0074585064302161,0.0195886280764336,0.0066869523659138,0.0132297574599938,0.00789641894870391,0.00811332251363569,0.00911712249830475,0.0109938579771595,0.0127517445722882,0.00631503571755237,0.00478233003263103,0.0121058018159403,0.0152196501879521,0.00957145791309301,0.00182832461173582,0.00456831611775079,0.00979394828798482,0.00573896940218741,0.0178521087729045,0.00667557452983691,0.0151033972810429,0.00970304230136683,0.00493251269930709,0.00389421629933826,0.00740816815015305,0.01238111260864,0.00617604773700318,0.00535338872556253,0.00799813546079614,0.0165212209933541,0.0206318759223703,0.00504687429457327,0.0102150377514179,0.00973182098055442,0.00810574144082945,0.00249289147931879,0.00311401732870429,0.00279012940302191,0.0103325597894484,0.00906147466202399,0.00586696059446427,0.00328756363859737,0.00415989947874296,0.0139252721605873,0.00720283419448866,0.00836010134970346,0.00811134973791644,0.00966252317066733,0.00646356547749151,0.0055164373415401,0.00694113087698321,0.00700548122183368,0.00759311256659591,0.0107046660723896,0.00656372031794159,0.00249741754913888,0.0148977423434328,0.0125511890677748,0.0131293114958288,0.00536379322907721,0.0187072730028021,0.0144620489402328,0.00552684980946818,0.00468449342727006,0.0138284854163375,0.00356677021476827,0.0042237185173955,0.0153303599352702,0.00410588217617898,0.00972047645673004,0.0144271692651089,0.00690269547234159,0.0049469383723737,0.00663230315777508,0.00797419404369306,0.00601047291652388,0.00514515331922377,0.00782179153971494,0.00691324972994891,0.0121470057116326,0.0102945334844141,0.012748835062716,0.0068733549213516,0.00521640259631475,0.0132046480886189,0.0103378275215466,0.00483544958708935,0.00347982743666431,0.0113468302591472,0.0121496960941104,0.0138234471213039,0.00341671769220736,0.00837072109686404,0.0106438031056214,0.00709515654716464,0.0112970288396123,0.00829350706023635,0.00756654436071878,0.00712105560682413,0.00558603640354675,0.0112702042360968,0.00869268953662313,0.00982369135145646,0.00457716221331136,0.00767924890194828,0.00713947492954374,0.0104655915562729,0.00912233541205676,0.00542690416433474,0.00743947307884113,0.00401182756393024,0.00630072048220047,0.0108761543248008,0.00948932618336747,0.00711326450282353,0.00789696379455159,0.00994146706919193,0.00298428931855325,0.00575142007238312,0.0152613860160951,0.0114134172631488,0.0169205599694533,0.0104220462923919,0.00655386781098849,0.0102665582010763,0.00431918974262652,0.0073522440716145,0.00248690460308347,0.00432869898991619,0.0102454333400708,0.00941671652965304,0.00802686406206654,0.00428826267869194,0.00897258307805794,0.0056937597738882,0.00270651196021935,0.010322060904959,0.0165504000943025,0.0113417214899391,0.00589948686155641,0.0106990841696546,0.00205352869827126,0.0111801884975519,0.0150851740041301,0.00361778832544266,0.0118846593134729,0.00445368747589875,0.0107294006059838,0.0136743489167841,0.00578261316318418,0.00973628871758484,0.00428736718441014,0.00355815306821352,0.0119269987193305,0.00776340458632563,0.0031653444055027,0.0102516001418826,0.00445068777070207,0.0121213757129578,0.0078110754291771,0.00558674539845046,0.00727157329699317,0.0100531405787387,0.0133506162190166,0.0148933486551424,0.011757110589321,0.017059071312743,0.00513549313609228,0.00780901667423108,0.00747739092685751,0.00496171443358336,0.0109302536797753,0.0159449845514886,0.0110237212718729,0.00679093208353815,0.00231411966648541,0.00888665511552239,0.00352155935739057,0.00634622696803405,0.00537075457121407,0.0094068811452682,0.0125063467197222,0.0133408125071746,0.00779166919506485,0.00348562406022396,0.00856748459324203,0.00757076425262228,0.0123496294257432,0.00732212767178231,0.0123657213312465,0.00574168203447032,0.0106698217605514,0.00876428627048851,0.00374631121665917,0.00683139164595024,0.00860699963101219,0.00312684408605859,0.0197784950620515,0.00395036996418685,0.0119631171461013,0.0061144903221465,0.0106076626885166,0.00653886434468069,0.00538180824174287,0.0130928767194293,0.0137883179948771,0.00662930963517067,0.0083263498824128,0.0126109940748403,0.00425713159354468,0.0104176682755794,0.00459665773241328,0.0102011255953047,0.00860568288160455,0.00268644951277543,0.00603796672953329,0.0134477112428456,0.00571537714366116,0.00829327689576489,0.00671943586737644,0.00840344912251373,0.0185371246758861,0.0081481266950821,0.00652526554357867,0.00615158704364779,0.00340479125929821,0.00500225216666098,0.00255395007090636,0.00788700246790989,0.00851919390489606,0.00426821176226857,0.00461891833511126,0.0115840526768156,0.00521268429783841,0.00834805847469942,0.0109264885611336,0.0105360322236221,0.00602781533124364,0.00804072855370673,0.00976652663854747,0.0142341870406365,0.0168162165772473,0.00523991043160347,0.00673460541105497,0.00924180009309729,0.0132953758857226,0.0129100710903269,0.0125817483048641,0.00594797197651222,0.011370413769787,0.00700329518376676,0.00528032682099128,0.00950874003120793,0.00765552501634226,0.00215733946602068,0.00861511628083273,0.00210658824785404,0.0112738250664127,0.005666651248854,0.0119007123906702,0.0173534320137659,0.0184190554875914,0.00675614426053275,0.00800131675323164,0.00947331246265269,0.00854427050266297,0.00650227632340019,0.0125684919093887,0.00661237769860575,0.012012178241433,0.016857595470791,0.00687345265110118,0.0128016211830915,0.0109315053000073,0.0121907424485241,0.0119742703787861,0.00904023746348716,0.00589589631668151,0.00172385087390507,0.00611746206788773,0.010646051901243,0.00395462598765339,0.00931207289761958,0.018042416158449,0.0143333791469091,0.0065609956771989,0.00868686017135297,0.00952924225610333,0.0075410214362178,0.0167500890539499,0.00868705608496467,0.00937501222203163,0.00656741920191319,0.0142410794125754,0.0136073066388595,0.00756215101409641,0.00181272263765083,0.0115607788333055,0.0138822850034234,0.00604964444946266,0.0111872615879384,0.00979100778936572,0.00556445694214817,0.0168150335489935,0.0127573385397943,0.0103996049632113,0.00910898427617394,0.0098878464290281,0.0196002784940947,0.00891887876635407,0.00917718467003564,0.00481134682610597,0.00686048401896997,0.00314540371482489,0.00901323685992152,0.00654336782457495,0.013771886723141,0.00563310081946311,0.0160062897479692,0.011352748975674,0.00933700532066904,0.00912959867210319,0.00890227323273818,0.00581941941658715,0.0039735788712002,0.00724691218299708,0.0137533770820701,0.0153739738033088,0.00764954071499631,0.00529657420772188,0.0107596701302758,0.00530413738978003,0.010862363011555,0.00566815846785377,0.0118578193563023,0.00815832243893825,0.00899197345462251,0.00309528452879408,0.00848293534294723,0.0073925442608563,0.00919679871740773,0.0081548776592776,0.00312205797461053,0.00803435752410213,0.00737236262508572,0.0117193654144418,0.0101205667056437,0.00769176108701403,0.00844189510726288,0.00880182204339636,0.00997327098935097,0.011909400675472,0.0113256427152477,0.00190971087006383,0.00704430987114006,0.00608826031002441,0.00397733352536985,0.0113846122008429,0.0060882262946174,0.0110339746726128,0.00763417738094972,0.0116704469426074,0.00774662446170247,0.0126550826652386,0.00745084739938712,0.00688837490967908,0.00931566556402604,0.0064256375087818,0.010410550030525,0.00545827644270092,0.00441692151828253,0.00979673311942083,0.00941274823375584,0.0163295715095397,0.00727144262535288,0.0110088372481907,0.0198251121672239,0.00907424413016552,0.00597507520222882,0.0124779588919525,0.00452989023305633,0.00602519366269418,0.0147043442853542,0.00531813192232315,0.00351894388839237,0.0052622097479776,0.0166391279743019,0.0140054600478439,0.00849883055544254,0.0073574537198051,0.00675763285628058,0.00499754009938887,0.0113320816936993,0.0137712523005184,0.00556317804395543,0.00257060455835449,0.00774767898703449,0.00772126415837212,0.00503780512248729,0.00624603264299358,0.00444380644508713,0.00509982164615549,0.00539477692333915,0.00234967170726974,0.00430800112767332,0.00428162359682947,0.00918310423251286,0.00251645135093141,0.00263330995277929,0.0136574063052346,0.00630561880450673,0.00391288055270091,0.00870926829645576,0.00916239196564539,0.00862160678933786,0.00377456312102057,0.01331539998593,0.00799053463526567,0.00693593844618325,0.0102168543202402,0.00575293683469349,0.00919229904414885,0.00603996965585313,0.00475074721475122,0.00853546024467346,0.00545156481707752,0.00519753758511254,0.0104591324149929,0.00427071724792823,0.00143431870219446,0.00705585323610466,0.0119144775219739,0.00792936747557147,0.00315508026182435,0.00761572269823977,0.00681342741783281,0.00834551137586966,0.0141859325259877,0.0133574082447089,0.0051443711009434,0.00771748221795954,0.00557948001392787,0.0122816664457479,0.0112970204459127,0.00861005861513018,0.00800128667134431,0.0133197438693562,0.00971713369696323,0.011658060306237,0.0150076203304304,0.00391577981094412,0.0110232018093788,0.00726098689745878,0.00802215251438609,0.0132846436151262,0.0185834828682535,0.0079689886166723,0.0081261396896906,0.00921193430706652,0.00999819287811488,0.00751549666207783,0.00332215464205286,0.00460914160487524,0.00461039909807328,0.00286713503811152,0.00942962159173111,0.00701060774210775,0.00488133414608845,0.005633575261601,0.00579426316700271,0.0106446276881719,0.00484494190131057,0.00721286277981953,0.00705503124551702,0.00220543216144394,0.00823515303679845,0.00503585812844396,0.00876814490806046,0.01429782460441,0.00863896014712684,0.00678680553038232,0.00533399373991426,0.014649545869617,0.00314655381680018,0.00744939719277393,0.00283857667888426,0.00371584424226616,0.00464278958818348,0.0080547658862938,0.00162136236768214,0.0153375790798657,0.00627308184577715,0.00338714379933806,0.00702756441770817,0.00666837776890048,0.00370251949171909,0.00371272769625173,0.00562294426745476,0.00218716155275396,0.00117280369822313,0.00638688445197272,0.0060976510721746,0.0105121287386409,0.013891906163271,0.00471081759471724,0.0101083500216264,0.0123600343625491,0.00799341888459217,0.00658994008241056,0.010915326856583,0.0102855667342639,0.00809660710182828,0.00616922898231411,0.00896891882187267,0.0116302424368247,0.0147588677804982,0.0143721965336347,0.0125609892570279,0.0127934183176121,0.0119151701482783,0.00902016743904097,0.00427416971109179,0.00692964007677423,0.00912695020932173,0.00849683865825525,0.00612711407517393,0.0052882171791341,0.00635715333035195,0.0082287461661605,0.00869683922986164,0.00537811863489572,0.016019864157853,0.00294877626153312,0.00807741777085959,0.00817513575292689,0.0100010911319908,0.00447298221037719,0.00836694539898973,0.0175165006589353,0.0067131353318601,0.00352493073437628,0.0105581656365125,0.00658804178529832,0.0196695654633456,0.00875572824385616,0.00949390052074511,0.00664934196735739,0.00705202378397222,0.0085947406348094,0.00526498422173451,0.00453885388622695,0.0084356233687732,0.0102241122186953,0.0123431286857248,0.0109540902485328,0.00630451515261998,0.00772229110149658,0.00686885583219763,0.00939083348578631,0.00841329371293228,0.00534968622472291,0.00671460150519806,0.00683719360619915,0.0236417400902367,0.0103161613157467,0.0145941653626341,0.00374728269005588,0.00620377339013972,0.00142226186184472,0.0138465073289766,0.00251285659192133,0.0105486594391124,0.00816114950463655,0.00320250322967401,0.00841914943565825,0.00261396038056485,0.0143276503512751,0.0157600180427943,0.00834854610053957,0.00749901165480488,0.00519338264240064,0.00888718312872082,0.0102325625410088,0.0100265303722366,0.00962858850403642,0.00841740696815539,0.0103198694542329,0.00804753268347791,0.00257741904569142,0.00893942318663974,0.0147156387839737,0.00390457614635159,0.00845157846006158,0.00456182455547616,0.00477696887503204,0.0066576544842444,0.00970971457555705,0.00442069314213953,0.00696885282357697,0.00768480280777021,0.00797499504806868,0.00566269449400394,0.00506655741491774,0.00627452356599164,0.00755750283497371,0.0111657907106631,0.00760951239132154,0.0108627991466252,0.00884040983276863,0.00974098767472546,0.0130329365278536,0.00404516780429615,0.00525744558663475,0.00674420379969235,0.0046563432618331,0.00447183835108189,0.00824549740779719,0.0037788589190529,0.0171521453633791,0.0174034694136543,0.0109995220400126,0.0068178456754013,0.00524276380161157,0.00763645362655143,0.0104825391920169,0.01391105801432,0.00284938136571959,0.00750492964205403,0.00828596890980173,0.0113405178321891,0.00702439923379629,0.00684508788786662,0.00313749175546938,0.00699947692269357,0.00752723219089339,0.00434948016581349,0.00759584140448214,0.0088988050180366,0.00775237748126771,0.00479377111096863,0.00526626975085731,0.00546047676398552,0.00463464134661035,0.00848668718357959,0.00654415415140826,0.0122580267631103,0.00530028728565231,0.0106054633412806,0.0117302836225744,0.00626406498638151,0.00794322901589595,0.0112279292890539,0.00524030011364847,0.0103203751645996,0.0102723929762393,0.0084556259754377,0.0134254382647635,0.0146034081861318,0.0105143653607516,0.00625984349590075,0.00911156058260724,0.00437685411818208,0.0122988357478466,0.00624754219508037,0.00953448320083453,0.0134542916273393,0.0176765448537311,0.00856046322770134,0.0103334830066999,0.0143264406203852,0.00196706279355232,0.0117289414157646,0.0100801151713547,0.00142598301517945,0.0012581494003337,0.00312897149763462,0.00533146369554557,0.00399255514313829,0.0130755585093918,0.014547613035276,0.00998077439364296,0.0101404981681512,0.0142058589817012,0.00802476661663322,0.00529520502851886,0.00817332149443105,0.0137950202702751,0.0109374302557619,0.00811139890437884,0.0163449289741697,0.00931794603025162,0.0121933519029958,0.00780434751188417,0.0063874322130388,0.0034407508838699,0.0129569825007459,0.00667945975919378,0.0101892408600082,0.00298491767472244,0.0122901243335798,0.0112919219492743,0.0134197898194257,0.00694083429091337,0.0102625082437982,0.00375706255087617,0.0125552276430231,0.00816432787807081,0.00688229294353682,0.00718922931074515,0.014212332814231,0.00638623334781985,0.00478874289849446,0.00803799237590502,0.00457959063294187,0.00922509703579714,0.00857246245466707,0.011991691469953,0.00929249148127611,0.0145762315426962,0.00290953047108254,0.00823925120276312,0.00695746193984128,0.00203952747992677,0.00326264820183194,0.00859784677903719,0.00752144479969199,0.0140796227735962,0.00446932821633296,0.00965629799708162,0.00940904876659946,0.00672948296938645,0.00718823855687062,0.00514586714664243,0.0113595369123767,0.00711633853780375,0.0129120574294427,0.00547018110360931,0.0215770781943526,0.0102036702631127,0.00449342245411222,0.0122167685249588,0.00490657257304529,0.0171337947011622,0.0134895402010189,0.0108261773152934,0.0151317476599803,0.0128027826189489,0.00378270288108938,0.00933895686762028,0.00881154558707681,0.00863931611840759,0.0116696871257865,0.0119569540937092,0.012679469940464,0.00664748965675952,0.00374567395128034,0.00475583301308519,0.0159040302652657,0.00933380748146273,0.00516445667308725,0.00897829061109358,0.00925832863047775,0.00636811643529826,0.0139884235580336,0.012416512774943,0.00876643668311861,0.00492284193568387,0.00446446743190913,0.0104511427084818,0.00662013197138413,0.00570662115221469,0.0066592366317974,0.00894769689567225,0.00777007207775436,0.00410110531813127,0.014044418577419,0.00532946643345653,0.0052178302228093,0.0241601648320008,0.0121843651395396,0.00431297991330726,0.00587724650830329,0.00902295643522129,0.0114090962109022,0.00297959566101678,0.00551196303844361,0.00635182227826603,0.0147365405123425,0.0114514379128958,0.00391411820834712,0.00457034223452102,0.00960966625366135,0.00988320989438363,0.0144231792840521,0.0126754602347962,0.0077844484253081,0.0123173883569406,0.00701086589076449,0.0131622535289087,0.00570867090378409,0.00170293576487738,0.00908426962396928,0.00922695499060762,0.00309454826655409,0.00613141367300733,0.00894778089290268,0.00833646184107965,0.00778603724219381,0.00724080619024024,0.00671785579033894,0.00850592198709003,0.0148001753764065,0.00581839826947328,0.00471848740389367,0.00979406259857609,0.0052774902194847,0.00576084136159449,0.00677973494919491,0.00725875014478615,0.00412827909776324,0.00964426743759433,0.0103552280220349,0.0148087666297858,0.0110978092215057,0.00407313617815893,0.0116589869831795,0.0183164666631142,0.00183150409450195,0.0121049382216307,0.0181685145427486,0.0139651538474493,0.00899195004816405,0.00485945446019605,0.00652665705501138,0.00579669947251695,0.00297527210580543,0.00944663030126336,0.00372516028488978,0.00838179892943262,0.00750062020787847,0.0093435241786939,0.012916015583567,0.0168390863996969,0.00422923143344173,0.0159678112989849,0.00615557497673974,0.0119857165962032,0.00716926622175246,0.00405115074917806,0.00703642077414916,0.00961358990034287,0.00770474132512102,0.011659373416149,0.00680657304524394,0.00898114386649185,0.0113899039919387,0.00376638607887299,0.00581555182930784,0.00439253318372496,0.00587800500393006,0.00628212135896093,0.00789929643819637,0.0130785065685022,0.00975840040057791,0.00865024550029138,0.00966609637618502,0.0172781488985833,0.00489607273746545,0.0105034901043252,0.00886735463716123,0.00398427080951378,0.00787990225186038,0.0184420603202549,0.00737190664654299,0.00513120705412369,0.00874808304582333,0.0052239156890478,0.0100707966817717,0.0158059524555338,0.0122299325491701,0.0288474848454786,0.0162633318969982,0.00461584857104632,0.0150992273685647,0.00250229619968765,0.00407086372874841,0.00636705490901942,0.00939252122667058,0.0210553196853902,0.01245210314841,0.0117246409507213,0.00838791280199138,0.00745599751701021,0.00295252257144579,0.00930750832801706,0.00737249820983033,0.00317103180446064,0.00460665267240275,0.00898243922148147,0.00844311905242721,0.00740361257670709,0.00424005552811705,0.00739727999847567,0.0106882833173515,0.0106018921112607,0.0122274881122377,0.00772827243449712,0.00523120414190322,0.00712096274859451,0.00589868241872482,0.00856406106209688,0.00635876727509184,0.0119947502445963,0.00590018458853501,0.00841300751848765,0.0112961228892812,0.00714825278212485,0.014236093501465,0.00919965333828865,0.013693308270668,0.00861335118380698,0.0110532367863459,0.007233696799679,0.00492674625348255,0.0102185102929087,0.0066359121066118,0.00470357220553889,0.0100384198416058,0.00635262042801432,0.00939089897685654,0.00675229562884746,0.0126842334282796,0.00894105549889993,0.00725144506365037,0.0116974470352706,0.00954157400594121,0.00671119556956941,0.00764450255065108,0.0093214040644262,0.0106831740820974,0.00948929556141892,0.00206051852147917,0.00208834409307126,0.0110879830671377,0.00916909047516729,0.00570275183197342,0.00243177494184169,0.00953666322223283,0.00962813179771834,0.00691259352712381,0.00964934187993975,0.0161491357411617,0.00993303758913418,0.00610297240734116,0.00987791384175585,0.00675368105423252,0.0079703328240379,0.0115106520159171,0.00855016959631581,0.00437457984950168,0.0104862219999407,0.00698474554563725,0.00778793256852128,0.00552355818457112,0.00214183469045578,0.0152010650510709,0.00727576435532,0.0100811885091839,0.00905681997665155,0.00560768241585822,0.00577795521564532,0.0079583216345799,0.00903863098201637,0.00620778165900004,0.00501262975701463,0.00660469989291825,0.00921212315769806,0.0175814615504027,0.00758284555596308,0.0101656337769384,0.00663101429768094,0.00445561776984392,0.00201461201274879,0.0134444385382228,0.00704805545467998,0.0123042214758634,0.00271632146109864,0.0103756599896143,0.0142441850909615,0.00479587176049438,0.00571073647574869,0.00469806791417591,0.0114098470376866,0.00782530924502328,0.00807053217573034,0.0115746839241336,0.00831909399732202,0.00390742959479693,0.00520482361995994,0.0019623923843304,0.0121686663724194,0.00796667459556459,0.0142147055646223,0.00822365208535532,0.0026482231075227,0.00844482621451156,0.0108977944977122,0.00426795919345226,0.00834414940058544,0.00150236489767108,0.00643147450345279,0.00569820937976238,0.0109061384228755,0.0100542839415798,0.00835875511515353,0.00503915241095693,0.00373769229224972,0.0155781434735555,0.00925453208979817,0.00225753595123218,0.00828273264543385,0.00563853938084772,0.00485959937224012,0.0105033450519422,0.0106799811841555,0.00693087398463008,0.00725164753056183,0.00633922007105459,0.00328521348817893,0.00942502710826976,0.00473790499135574,0.0234911843657791,0.00830559965388113,0.00822100251279623,0.00337969344742452,0.0153879683386404,0.0109656409183172,0.0048983150620609,0.00638403276347608,0.00942365651692817,0.00969364417015824,0.0101749015773923,0.00393022403229994,0.0144418763787166,0.0122445712728216,0.005779218288172,0.00548451946102979,0.0140617025513133,0.00940325218488293,0.00616154183246616,0.00923113129893849,0.011023944101069,0.00821527339021833,0.00661075957822921,0.0115416172925099,0.0134598771690339,0.00916708904489644,0.00435809209630333,0.00314014365811725,0.00466411370866869,0.0034482535469275,0.0116491821871716,0.0117438843635787,0.00650727299966423,0.00751918209447306,0.0119634236757808,0.00836747097380214,0.00766379095168092,0.00976141787296823,0.00615421471200413,0.0105728230216894,0.0145925395514487,0.00788977018439468,0.00191651730809519,0.00416018783562834,0.00334135423783029,0.0155291288185177,0.00483340287386206,0.00394354513390138,0.00817249480141256,0.0144425143791684,0.00476507000006717,0.0114508294839465,0.00285433393555342,0.00873206021778951,0.010879896923645,0.00589023122326267,0.00633634916140743,0.010707017960235,0.00585494639738299,0.0101025964702843,0.00798178482503257,0.00491070463161469,0.0087541513950715,0.0123534269288494,0.0111792385856839,0.00490762662712504,0.00697870114300418,0.00995474427410851,0.00415700414365738,0.00961373910885675,0.00988170829623268,0.0194044425061883,0.012228993016312,0.00718800572977968,0.00458512241696194,0.00795342728538638,0.00557773662208379,0.012223366730367,0.0179583833723075,0.015683775071978,0.0113783086917765,0.00677734215513598,0.00587320251190328,0.0101786376241453,0.0157367000855487,0.0130632562250344,0.00200392430758582,0.00834508832278512,0.0105900537149973,0.008900725111978,0.0155755821719399,0.0141558851411553,0.017908147408098,0.0105888109009966,0.0173040408101507,0.0122190042807659,0.0103240645900438,0.0103182729312705,0.00715052735746911,0.00743231430048313,0.00972884156552471,0.0065275161785725,0.0162464653962264,0.00539493448315949,0.00989747439659311,0.00610514453178472,0.00729982713405146,0.0083716750044513,0.00939328571274991,0.00402392383765604,0.00570354295017724,0.00402639483286142,0.00833826798773255,0.0103754855461792,0.00192459122628787,0.0169646645204034,0.00726212859166107,0.00722977321066387,0.00898117177898788,0.012823220368767,0.00809741948103504,0.0108440058198293,0.00890023694978996,0.00558940734786739,0.00790041857333849,0.00632959378164253,0.00736721862811468,0.00694828398308343,0.00717081101866092,0.00373252255871892,0.00678421136145835,0.00238004945155131,0.00928328130212976,0.0052926147098233,0.00809342256788359,0.00893927505424889,0.00358583844191481,0.00525048294132213,0.0081314882762357,0.00398256039348518,0.00602693549231674,0.0170635987891881,0.00840718006765221,0.00645832923377974,0.0104312698156159,0.00527678668101992,0.00613964952520535,0.0117804717326065,0.00500378427010604,0.00256161629304648,0.00848601917697881,0.00759929931480624,0.0190385918504522,0.00777762187326843,0.00804670550726835,0.00812618490718183,0.0154856055906297,0.0118063761277883,0.00822206524697916,0.00758381481011809,0.00700241895576681,0.00929812881895823,0.00893438666336564,0.012148853302969,0.00724007327747236,0.00976261573960583,0.0172933914997153,0.0156342956363261,0.00528321044290016,0.0128699205916541,0.00683782813785738,0.0118217940357532,0.00860172534934386,0.00806981408986769,0.00651871808635683,0.00494950114261557,0.00529796611333435,0.00204127599860741,0.00710207188452516,0.0140708485703301,0.00663278730567365,0.0146905112970163,0.00604779196557635,0.0161459280784872,0.0109738374486387,0.0132404780022831,0.0098532600869794,0.0115854495871586,0.0114550308699124,0.00961033017820101,0.00784429998509236,0.0152288953242259,0.00760509097617995,0.00844650494427607,0.00145250542688541,0.0114432483141964,0.0094873829714386,0.00435857452822639,0.0119207678440236,0.00314624986940606,0.00749090967128966,0.00826391972398668,0.00439325499695228,0.0153464797244755,0.00530645282100239,0.0169349257370846,0.0043405908731873,0.005874812773833,0.00401553787450563,0.00555610930350203,0.0115516100802897,0.0112390848260801,0.00256157194439231,0.00473344942743587,0.00683105148282243,0.0135350156711116,0.00267827706249156,0.00769348554024396,0.00599801250247341,0.0184694097614453,0.00565419118655143,0.00508393564382505,0.0038154042472033,0.00776057424831761,0.0118239495025618,0.00348045591897165,0.00810745261340571,0.00694927726122833,0.00499871580381161,0.00664885966891388,0.018194930054322,0.0112944648425453,0.00751103942503543,0.00602327151359659,0.0185426103582184,0.00870533085523852,0.0115991628175015,0.0159379644103674,0.00517368411047966,0.00532563060515495,0.00680592351472927,0.0161899301307761,0.00703258870529233,0.00659653121877026,0.00578550223769394,0.0148520012157233,0.0174902922140615,0.00754796134916153,0.0097259020926667,0.00908315326770093,0.0108781435410553,0.00525613378275993,0.0136402535558945,0.00961572232195101,0.0146629175058491,0.0142131479064703,0.00514759779592603,0.0106516254487237,0.0141207149084782,0.00654123069155003,0.00508954093419582,0.00843825440885704,0.00552401798857743,0.00712802916260526,0.00796335716360062,0.00605465454986505,0.00557941107587708,0.0124666618432442,0.00704095362701718,0.00568771813519509,0.00639643290743726,0.00677109630168852,0.0108729324545024,0.00447769695674655,0.00703476005615603,0.00998933201386433,0.0224240536430602,0.00764426929421445,0.00869336946850025,0.00772266851618558,0.00781827893707114,0.012190979694602,0.0052695983748036,0.0203497628345435,0.0116019422404604,0.00684866435603304,0.0125259349194281,0.00511266140027058,0.0106079581581048,0.0136676895328153,0.00921932227781397,0.00759826471481007,0.015257625982686,0.00913606862240659,0.0076415178939388,0.00341708395989038,0.00967109475202521,0.00828452270685974,0.0166402141274584,0.00389342073524176,0.00413535410042019,0.0096220745748809,0.0119032001645438,0.00932376827058403,0.00469274912867309,0.0146781701524221,0.00525012874462324,0.00270397011917613,0.00490128383238166,0.00333358613421939,0.0142523055433932,0.00797847325349947,0.00741405466215915,0.0164460440997981,0.0113559479433544,0.0161542722758408,0.0145611344056714,0.00295580808074397,0.00898772805391061,0.00716065420582949,0.00721417306444592,0.00821242733884773,0.00771570380906739,0.00537671121569953,0.0114758140377385,0.00729718017468519,0.0069986475659267,0.00386521241687356,0.00574705952632735,0.00465440765911422,0.00519183699193204,0.00924761035282444,0.0135299373193497,0.0142487409633114,0.00273637250079787,0.0178231490858891,0.0209443486459841,0.0068320449471783,0.0116090068588003,0.0097651785895427,0.00521063142894967,0.0139984036256433,0.0074415434001782,0.0133257203378998,0.0110886401601025,0.00683319270656948,0.00681421131041863,0.007435179859504,0.0109014467943377,0.00589062992217008,0.0138127810440027,0.00347594348277049,0.00720104897838473,0.00695744146527918,0.0052307625975454,0.00757889557218723,0.00553423474349017,0.0118360792834975,0.00769349851465417,0.0144273435902078,0.00427302096686647,0.00300667506745833,0.0249436447141596,0.00416141758215453,0.012118819337277,0.0106909003337304,0.0121912740028054,0.0122442867561166,0.0098973975524184,0.00900811354092272,0.00819399126510956,0.00423546316427725,0.00979544045342371,0.00484859783045024,0.00969119260791277,0.00349503104854248,0.00787272969911348,0.00556317343064983,0.00308156200666637,0.0114354784149519,0.00776540638030256,0.00691960844886434,0.00534588233277875,0.00645625524626398,0.00787266050933873,0.00862455278695377,0.00384063666553029,0.0221368638837315,0.00365581916566382,0.0113045763213113,0.0120392367119825,0.012578358656531,0.00672757620447286,0.0170120258790973,0.00841701504051919,0.00530772270282071,0.00806498622486244,0.00841494493756162,0.00903946924903219,0.0161124581288937,0.0136678822041959,0.0109030934234246,0.00966366904064525,0.0108910373080833,0.00729408018624546,0.00619800591187022,0.00578722388223437,0.0127633256694858,0.00704062126556876,0.00753009167820221,0.0162189377642058,0.00753353975821451,0.00705963395574514,0.00890115690351758,0.00581792217334154,0.010388290263054,0.00680106348577973,0.0137896352328892,0.00912156220152094,0.00774883508954309,0.00456920291941844,0.00895353823641202,0.00667098326989359,0.0190144499700973,0.00442213060720422,0.00398336146910942,0.00636439539190503,0.00557918632547251,0.0127215545646902,0.00932800833799034,0.00490123969846927,0.00307150567899765,0.00604073811567559,0.0112908802135201,0.00746036615327705,0.00821092145507266,0.0076541822440224,0.00663989467724988,0.0112420409126061,0.0168177881178037,0.00828820744617524,0.00810431662648586,0.00477955794138572,0.0140441902650401,0.0133382762150088,0.00861271934675082,0.00360949645259799,0.0119106140230537,0.00237760244575326,0.0125751364082868,0.00721031620395805,0.00701942865524574,0.00863678019537378,0.0179583694657331,0.0047982269295382,0.0102931937015215,0.00729379708322631,0.0107273489992685,0.00837370966509119,0.0181428393184651,0.00525348525509273,0.00656052996781901,0.0037908356679416,0.00457892947800835,0.00573874885020596,0.0127475256218875,0.0132030802861443,0.00663008238214156,0.00499625010513808,0.00764113153621595,0.0063149901043882,0.00929144979967422,0.00878795340416446,0.0036083950805594,0.0118082873155134,0.00315514391532675,0.0111278915802094,0.00394319749028663,0.00514277699252419,0.00592181011079311,0.00674708669547286,0.0195109790048226,0.00456238118255905,0.00933450574049414,0.00818443596875603,0.0129378093311969,0.0109221700859278,0.00809602109018746,0.014390410759325,0.0105508431206879,0.00986652055635297,0.00455573861923477,0.00474463331729639,0.00717147508669952,0.0109572784892595,0.0082549618568597,0.00929482383643447,0.00650228021591159,0.0100293475625301,0.0104942014529736,0.0129434510450488,0.014452647491045,0.00477527594058891,0.0101390951815861,0.00394236618263092,0.00822265098529731,0.00808986091800118,0.0144502165482501,0.00364563086246433,0.0144885571978577,0.00711635875652677,0.00428677465521961,0.00602177170901128,0.0102321089784139,0.00853353800872594,0.00987509464295148,0.0089313088696404,0.0123048137009116,0.00319261367379129,0.0049331436176349,0.0100328342515384,0.0063596597256637,0.0111898351356388,0.0117550005460253,0.004160769749091,0.0022864518192904,0.0109169994363592,0.00669406202693236,0.0146988442337974,0.00810234477344305,0.00923148895416935,0.00851978377631218,0.005194445918653,0.00854972236218127,0.0104044289363118,0.011226000966409,0.019081716793476,0.00613071847357116,0.0207865422138017,0.00545695022429249,0.00564012152228394,0.00875758497186324,0.00306569610354683,0.00833466319121902,0.0022594743932048,0.00581567606100695,0.00461814817849772,0.00923374658400307,0.00212240463976345,0.0145006639120653,0.0139510084257877,0.0109643917876834,0.00631843790194705,0.00785301248468862,0.00718934286792287,0.00361700763218109,0.0140731290047239,0.00460299532228359,0.016139184232384,0.00758932199587289,0.0155333441464122,0.00831600114954987,0.0111440784113535,0.0124141161361683,0.00509008263018542,0.00699838360460059,0.00697292311594625,0.00767714596400648,0.00474444830215924,0.00958746871263255,0.00285418200872844,0.00906260934448261,0.011961289269049,0.00464040716668466,0.010883868952412,0.00635964417384916,0.0139171297189677,0.00996685380049384,0.0158714814413806,0.0160070342745646,0.00628199521034885,0.0055151023101407,0.00792776431199756,0.00470422876725089,0.00645231371993895,0.00791761110945866,0.00751207285877074,0.00404145448153563,0.0108768051950101,0.00389155233296666,0.00574593016455977,0.0055628636588513,0.00580872712377302,0.00869251215482801,0.00358666581047103,0.0144404795921307,0.00898617560565149,0.00509631029427036,0.00425025238110762,0.00981415702293463,0.0103536018655161,0.0115808973376683,0.00392654548809747,0.00571098535525575,0.00573306393574957,0.00470119375984858,0.0060837574435433,0.00418094675024698,0.00780390254719339,0.0097074892855281,0.0106376094306136,0.00815622193891352,0.00643218794383264,0.0148772930177626,0.00837987676386333,0.00711677519414441,0.00715878126872468,0.00982579663691581,0.0125479302774078,0.0222270248362819,0.0205930368565042,0.00746632377658862,0.00565084911279597,0.00551949983826389,0.00357725655777367,0.00912591512759535,0.0074268305978107,0.0144297241026824,0.00444098011347238,0.0146766060290957,0.00863914629695095,0.0109438344378938,0.00884513423142005,0.0118221469247062,0.00731237976450897,0.0168270444016739,0.00514171610950775,0.0162746209497753,0.00676020950050229,0.0189859891102553,0.0130343557357058,0.00691913103216809,0.0107254997785212,0.0230044940978029,0.00998766140499441,0.00511680532341148,0.00340852996563479,0.0141322684200307,0.0107243341417732,0.00674495900118205,0.00663928296107215,0.00828707199747492,0.00798097678309739,0.010123404007762,0.00807040173169913,0.00674512306506638,0.00551768060219223,0.0133503019396728,0.00868141897182478,0.0114549698502963,0.0150265218744989,0.00455008858058918,0.00921178755999693,0.00322875361730359,0.00958675863681848,0.01090850209499,0.00333989063270762,0.0094499285851472,0.00827319027730246,0.00390154298252021,0.0126011634738311,0.0164564020125017,0.0116610237902732,0.00518201080247351,0.0105607166831582,0.00650257014550128,0.014453425988649,0.00813245075700318,0.00494912046408023,0.00889525001265625,0.0049963048717078,0.0124891235754583,0.00592757557601855,0.00944445798348696,0.00244888577486622,0.00301114786963166,0.00605377796006551,0.0188741350312144,0.0108084855607714,0.00545690054401497,0.0117172998160602,0.0042074227094823,0.00673518111488312,0.00275327918889869,0.0148593123185104,0.00539422810543877,0.0158466268530242,0.00984063884256346,0.00612510472235143,0.0170568411661531,0.00909758139613132,0.0159605549282378,0.0163771724955651,0.00693576814091683,0.00528451240497257,0.00218143085184691,0.0110678409088169,0.00763987145647889,0.00599148569082266,0.00619588441385797,0.0100658553931548,0.0170768386459712,0.00774340603520894,0.00295067879314544,0.00654129274956535,0.00457136624872852,0.0143553429986688,0.00857178626829415,0.0117255134612625,0.00862468337012333,0.00519632795283703,0.0271768999904213,0.0113803067743829,0.0141863224896102,0.00652397851452014,0.00688229803102591,0.00219841990460186,0.0085735802020331,0.00527243834142362,0.0070029740703094,0.00959058623015171,0.00436215939816264,0.00703181885086879,0.00813781708298744,0.00895123732080859,0.00482408102312491,0.00727831655667619,0.0155478504959775,0.00703531646278697,0.000791201837109345,0.00437297696683112,0.00825971540789696,0.0129751993609823,0.00678525500818078,0.00672442373685785,0.0134244945398018,0.00829376620188987,0.0113569343542857,0.00821101257252379,0.00450353683925873,0.00713394803565481,0.00642179673891554,0.00952872334460269,0.00567207038896276,0.0170896308454785,0.0118598140309873,0.0111408978111425,0.00824900002390202,0.00887812005734127,0.0105935390126925,0.0101377784245505,0.00789917331059762,0.00809178578824005,0.0111145752088938,0.00615514423392756,0.00894186498864143,0.0153199377726136,0.00313594739667233,0.0135308164501453,0.0134125138222445,0.0178600831115721,0.0127458522179729,0.00671275633530956,0.0142207642667591,0.00613824466493829,0.00692780613089892,0.0053633752529242,0.00788157038692938,0.00710932026508939,0.00716936076911145,0.00799935474388075,0.00825123049755361,0.00576446158539046,0.00752304851194121,0.0106578980314753,0.0178099849745814,0.00994748969928888,0.00476283987653325,0.00679393739247169,0.0115950921216802,0.0115922796866798,0.00591306885949398,0.00640895472516267,0.0113061331861175,0.0135929050012062,0.01208486107132,0.0167051093800961,0.00411644487973865,0.0095556820874775,0.00570649211860815,0.00917232410009633,0.0101030944786254,0.0133291942916208,0.00542832461493912,0.0166576793847537,0.00936526117541192,0.00483439879522538,0.00519146769558726,0.012685679132827,0.0123389100947484,0.00856583910137828,0.0133089834580069,0.00321471769918546,0.0121954057016693,0.00301601427869856,0.00509528818940895,0.0112102723022124,0.00343951596590177,0.0050342304169926,0.0113627086350827,0.00798638973164669,0.0030199663732833,0.0164994363501026,0.00879872067795684,0.0106080412969922,0.00823741585902998,0.00549089448942886,0.00399848588976195,0.009696999705934,0.00608491248936738,0.00321853041390409,0.0064034076421748,0.00250987278081679,0.00721949138508353,0.0252450009087812,0.00457558798491089,0.00667304249766413,0.00935084617016898,0.0124536967348494,0.0099662551241107,0.00269651624757798,0.00439356704723796,0.00442620015201086,0.0102892389445748,0.0086928587639448,0.00605804337067711,0.00482427452986715,0.0106258315555474,0.00863782291088703,0.00435175620330038,0.0136289871137297,0.00823110784939537,0.00707357794438716,0.00568466395419548,0.0098287850702646,0.0108222360417954,0.00279853600825934,0.00794402421491388,0.0105053777910771,0.010756177452326,0.0121868831231589,0.0079486201642631,0.00689554630675907,0.00713387416594783,0.00143336010531133,0.00675664810267144,0.00817214834220675,0.0149438425256083,0.00498530119758972,0.0103177402267093,0.00945042981823735,0.00996223028199859,0.00444058175494992,0.0128046760339984,0.0133544518673155,0.00765205048463539,0.00428703552025163,0.00359326681761204,0.010679500524774,0.0064067282832929,0.0230832881907412,0.00552818090566489,0.0136733817519182,0.0127297609698167,0.00754139329883065,0.010811959409692,0.0105011015674759,0.0135961355110852,0.01077917422168,0.00841399651553112,0.00855380524543198,0.0102403623354929,0.00314009822093173,0.00840362128544231,0.0115165348736965,0.0141492398748807,0.0115772116173775,0.00700253638460535,0.00861717634730774,0.00932977426130445,0.0146093677747019,0.00973405436890619,0.00686995478942433,0.0110606647568351,0.00911182583604214,0.00920624264716063,0.0114191084698722,0.00475563890532118,0.0107729746156308,0.0101887546639117,0.00515349269944289,0.00389212055363823,0.0133836431985832,0.0124280173064239,0.00964529912796663,0.0139805866186533,0.00922310019169894,0.00401358184788218,0.00623355916897959,0.00393519328730294,0.0104366486628451,0.00624322736588101,0.0108499858735333,0.0145045363407786,0.0112517485054291,0.0023890358374416,0.0021563291886423,0.0062273633127896,0.00529421576917383,0.00547877381858756,0.00704832423508232,0.0154696110223841,0.00744333110750158,0.00135256424330645,0.0069773979509841,0.00919256575593491,0.0036173410754145,0.00896872057799284,0.0172879526778725,0.00686001850065883,0.00803021605349717,0.00578701663808225,0.00915015183367573,0.00546543819494701,0.0070480943987001,0.0150899085535767,0.00708660770977336,0.0052327294577613,0.0124405389792628,0.00340034382987466,0.00822780888339995,0.01732978435536,0.00886759041081607,0.0048732894887029,0.00590108271714583,0.00645316754109097,0.0107902251265297,0.00264646197458085,0.00856409108264117,0.00662074981531513,0.0121399744105072,0.0132403597925775,0.00650589469910888,0.0125770432946332,0.007388724449296,0.0123100009053173,0.00681427644924781,0.0110388020358558,0.00986504406197462,0.00369615506604855,0.00274925427435011,0.00593292872908559,0.00319926163580812,0.00990651161816895,0.0103187407260538,0.0120901344423604,0.0108937160981435,0.00929019693722514,0.00679458341133153,0.00639421636906105,0.00215819786304626,0.0143525299677363,0.00985020832574357,0.00667579668429993,0.00380648357172629,0.010193011858593,0.0178294744860819,0.00196237895348045,0.0057062750670319,0.013794388583205,0.00683212087736838,0.00609297127274392,0.00778811296845104,0.00407709448407523,0.00831457792083211,0.00690046884541157,0.00732267130982506,0.0104269537693949,0.00642549937931497,0.00614794142080938,0.00849290635076207,0.010708923035158,0.00570467060839201,0.00794265526279053,0.0162960324786627,0.00916136552197063,0.0137028273342214,0.00301688912289303,0.0085238386902751,0.0111054191410037,0.0152126721554814,0.00882266811755195,0.00867836641685808,0.00347398743336415,0.00773390327562373,0.00670452281582621,0.0136066694703673,0.00606944317497356,0.0100351458124667,0.0105817411831731,0.00289554444669377,0.00663408748793444,0.00306243203942382,0.0128451483446507,0.0149235903342223,0.00420972573328254,0.00296247765854342,0.0102915187487091,0.0062237405607787,0.00839820361862341,0.00542740250951501,0.0167714975286692,0.00590879129801636,0.0071073268987511,0.00899940824335521,0.00340476786775773,0.0129660321209051,0.00813893469685993,0.00771975543719128,0.00861573873306443,0.00372849033133169,0.00772891962438282,0.00712579013142957,0.00968915705884501,0.00434250320644704,0.00617163348508733,0.00694752224951989,0.0140224206558119,0.00832718774798171,0.00897613833943028,0.010952292460584,0.0140295747796932,0.00613737555519167,0.0110408321978759,0.00883285680570965,0.008929381186586,0.00866618213954364,0.00838847851911971,0.00947067860600555,0.00254981298990346,0.00421158230550759,0.00825124713827556,0.00151428978712231,0.00430199367864699,0.00455035052207949,0.00775354145607155,0.00706244122686484,0.0073353165466278,0.00723013726974882,0.00593974529815444,0.0108060610974464,0.012638694935456,0.00284102632360278,0.0253690751279568,0.00636820990666973,0.0114575337457199,0.00727802497988265,0.00361807705165577,0.005531327010691,0.00593791860413765,0.00329100569367907,0.0211872956313099,0.00353427095466533,0.00917520179398273,0.00942173680432836,0.0061662627182615,0.00757159024651338,0.0084950164375382,0.00545695446895742,0.0115173281268989,0.00584012592317651,0.0161533767224877,0.00374986388878427,0.0163629940598249,0.0104919043364563,0.0120643681380524,0.0126563906507903,0.00694692534230869,0.00515952430589711,0.00677006728911794,0.00999051281158133,0.00843958997431105,0.00631708212509698,0.00714832162453642,0.00530564277506562,0.00930871618649098,0.00939594563844663,0.0078447869865935,0.00482507254845715,0.012817052031801,0.00872748536090473,0.00502593300666393,0.00230771361204006,0.00343770834509253,0.0093892981452612,0.0194325573897038,0.0074550773361304,0.00520119514200088,0.016386531013551,0.00990494822161949,0.00598364936775372,0.00421676219395204,0.00481933922690383,0.00671805125086611,0.00274420487116495,0.0063712628231188,0.00932904380462644,0.00847708101494262,0.0184469461395671,0.0160345315688791,0.00725804222749321,0.012157334564618,0.0105170969913631,0.010249625417245,0.0100320528051093,0.00909896666714536,0.0153914912417015,0.00992444686053297,0.00986439936778449,0.0126074551751343,0.00774881244584164,0.00532883931835737,0.00914094570923196,0.0117294939030365,0.00804660368995436,0.00558290375479692,0.00312354757237395,0.0052784396516853,0.00624421309765131,0.00890046755284341,0.00702784039757522,0.00919742430623734,0.0048375178700164,0.0087387310639927,0.00438448334703158,0.00671034380007694,0.0086980690936328,0.00879608391857432,0.00568323853168246,0.0125446296106872,0.0072617537385737,0.0083896323682382,0.00173439485155782,0.00582333503919965,0.00907042462499038,0.00581855841126759,0.0126032362435295,0.0138432156442944,0.00599584102190213,0.0113319185594849,0.0175944386126707,0.00915903390598155,0.00797887319896358,0.00911259346476488,0.0115818787930619,0.00709141813156833,0.00461665863081151,0.00704934796273214,0.00523318622305546,0.0178179118441518,0.0187995205841504,0.0100457191699519,0.00508616354952255,0.00760800583353098,0.0118188643935777,0.00773737895513919,0.00351506151923475,0.0119334731419271,0.0126699784846889,0.0101589530407934,0.0156740472251113,0.00746163393899931,0.015473863529763,0.00683335234633016,0.00690631717465665,0.0155550279870374,0.0082205494741569,0.00470828031843142,0.00672010451548072,0.00725767508270984,0.00627796172565476,0.00845027431490756,0.00906398700379953,0.00715330735472773,0.00817020894556294,0.00705724001498527,0.0114635024633186,0.00938625783465617,0.00185262207654667,0.0094345359712759,0.00776586715605147,0.00759590986388625,0.00309590037404039,0.00594540720821611,0.00846258031473039,0.00269210075669028,0.00976773784237569,0.00886521001870679,0.0224604688195469,0.00863906177069595,0.00786624622700751,0.00553924605392431,0.00712443239918501,0.00479460674628703,0.00952839282318271,0.00774966018718128,0.00762017587705009,0.00604686049592318,0.00868867791022717,0.00675895910914267,0.00570735962520968,0.00865499449689896,0.0125264544703457,0.0067868041673649,0.0134205052752672,0.0102589111079998,0.00712653485707963,0.00715391161845264,0.00384637640877714,0.00588687055991218,0.00839701366080894,0.00718425900870303,0.0068822386825035,0.00164497541061196,0.0102535113263418,0.00402681700660482,0.00699651271704118,0.00531178670512291,0.00458490800442113,0.00909689503537808,0.00471491014136053,0.00421807558578931,0.00630233971150368,0.00486725596260066,0.00631373617693541,0.00990628801801996,0.0119093354744155,0.00407594381912398,0.0118571626238347,0.00523201662009221,0.00529859656055191,0.00929674405072556,0.00712343670107792,0.00409812708852012,0.00854563764234033,0.0069580986920675,0.00716039085916585,0.0143660637362333,0.012073824802307,0.00914250790946153,0.00937410782708429,0.00894253750332382,0.00764089715916046,0.00447134761813713,0.00677189887211802,0.00445196240192595,0.00529925749674859,0.00726009555651969,0.00259592197183138,0.0059018382748899,0.00592016676985037,0.00307058115585196,0.00965704932540721,0.0126946895762275,0.00882680558954472,0.0102454216152267,0.00856795450221409,0.00999810098923964,0.0135429898999905,0.00650177613034989,0.00753907690848724,0.00979047086363971,0.00633519156021032,0.0110465332952793,0.00962350611390768,0.00757339181463144,0.00370378452963449,0.00167589858828238,0.00791955617605703,0.0116292836419313,0.0057221954039085,0.00712641689730494,0.0057871321341435,0.0119636557434036,0.00881127948903036,0.0108755179380948,0.00729867471924126,0.00560926218071143,0.00923860793446936,0.0072366483678538,0.00561180480906046,0.0141359863816633,0.00558796433706869,0.00650336261699475,0.0155101346575257,0.00640676884639282,0.0128733990492277,0.00726427391009121,0.00780811920192931,0.00616290152565796,0.0125118799641352,0.00435796246638657,0.0169270288813379,0.00272321383590155,0.00632244682554634,0.00314162238859733,0.00495286338298219,0.00410861554391158,0.00878267718953909,0.00200590819244399,0.0099703465756838,0.00776057804955453,0.0122532006774225,0.00539031620876631,0.0162811999995161,0.00802295393897218,0.00751442376228362,0.00977449089380533,0.0153079035169504,0.0130766581766107,0.00651346520818349,0.0163271834784466,0.00765295261116972,0.00874853588786404,0.0110410867968077,0.00803912401266716
"twin","candidate",0.542765020562078,"JC69","relaxed_log_normal","birth_death",0.00630140869565258,0.00671369675202153,0.00535426648309693,0.0260403640682057,0.0160525633479774,0.010587353791851,0.00930859337753533,0.00916751936331408,0.00770099526444192,0.00904204398846831,0.00598658645558316,0.00829124345557754,0.0133050854936871,0.0132446431767018,0.0149739280070955,0.0148808631699186,0.00882132877684868,0.00978280787398176,0.00996097909287317,0.0166090798329927,0.0135723725722461,0.0109208702302873,0.00737599911776049,0.00935636578441429,0.0120312100069199,0.00850543011095343,0.00275290608802733,0.0100088939933938,0.0207125791393254,0.00536251788678229,0.0187808172212809,0.0119472006302375,0.00895125597597135,0.0135185345001571,0.00956128702087774,0.00958787007732627,0.0119583399197431,0.00918007721150347,0.00370294104858919,0.0129100308149395,0.0061264242242912,0.00663199517447562,0.00514483855487041,0.00556440350154017,0.00239693483242951,0.0097711722103429,0.0181611173877991,0.00630532053594764,0.013754644889363,0.00467237739096303,0.0106405813752872,0.00553938368043109,0.00950911696650547,0.0101647162883313,0.0101486273103204,0.0105363031666777,0.0176632696079101,0.0138649556341313,0.00770950970467212,0.0139973960389054,0.00600148389901698,0.018526849462948,0.0139344705887528,0.00982471128254323,0.0119298125353666,0.00681533584455888,0.0129314393293933,0.00842650031501609,0.00739930244737177,0.013341420067775,0.0125445152891839,0.0129699134316414,0.00726441204850139,0.0133485386627465,0.00903739491840799,0.0136257228702088,0.00450201759614606,0.006707363824006,0.0078082433106119,0.00332816428847973,0.00473803250960836,0.00566236801449697,0.0107787006653563,0.0108105543349043,0.0151001069449543,0.0134963391162973,0.0101139151250382,0.0266190615704844,0.0152500816964297,0.00484790348565745,0.01720332460149,0.00742911347521781,0.00892236859079769,0.01657518861412,0.0121145311313564,0.00524361570147291,0.00738253576374874,0.0112701659305298,0.00829366015419127,0.0123496241136943,0.0148569446542978,0.00919728383551131,0.010496884350966,0.0125698783735759,0.0121557152783098,0.00973530763051446,0.00383061854074115,0.013406117079924,0.00617592207783985,0.00812183862903974,0.00235916024084376,0.013321154261144,0.00221922620579858,0.0073633460927864,0.00992769514146458,0.00530131939643896,0.00974720434243603,0.0111808837587457,0.0107613764548031,0.0044087989403655,0.00688938396222048,0.00601545496292383,0.0110971123262118,0.00639344774002158,0.00742742858442665,0.0152652808378122,0.0072328024256196,0.00240347822825598,0.00463840618893439,0.00871050250999548,0.0115032650074303,0.0101831176988212,0.0071823259466076,0.0197306444214802,0.0103752738080805,0.0104999627171798,0.022358702490054,0.0119244992033746,0.0123037483449224,0.00470810775456522,0.00425312132849583,0.0084408151891785,0.00238924855548036,0.00918352672329285,0.0194895467388182,0.00853841522255329,0.00682175137467236,0.00865108486422369,0.0127753876045097,0.0119440849816493,0.0185766753154687,0.0139639711701606,0.00688116856476521,0.0199086408786043,0.0233058697933275,0.00410852132704646,0.0152704697841051,0.0226876851423392,0.0106207651038652,0.0125222906793609,0.00598221097885883,0.00741291485025625,0.0118907546553966,0.00758990056081884,0.00594459560708514,0.0051914281653543,0.00234437685109127,0.00427747543260778,0.0126412595538789,0.0117086036642372,0.00782159252127834,0.0153481687465672,0.00813736746523449,0.00910314846165894,0.0105652169995264,0.0109061762572039,0.00897330041385993,0.0111510646510702,0.0137584503035219,0.00795523148447599,0.0131982811821662,0.0136631185598887,0.00856130116208537,0.00559792553265898,0.00885562828224506,0.0159033658465979,0.00458583051137161,0.0140370588603121,0.0148276535631485,0.00363102497722767,0.0183021473551559,0.00524640700242618,0.00447454400027923,0.00823092928656825,0.0139857262541279,0.00647517036433818,0.0092354009656528,0.0147984130383504,0.0208377870006756,0.00969791413508682,0.00502779097096723,0.0124041695890775,0.00972194901898125,0.00520452960090097,0.0155174263906472,0.0132874707449822,0.012591858492953,0.0074673567520054,0.00642230694878348,0.0052610523388383,0.00788462971405603,0.00320945991267848,0.00699356641746548,0.00707396212205489,0.0170255813941217,0.00869336840784725,0.00498986377588408,0.027574986445229,0.0121879069272836,0.00684702735328953,0.00663487201429084,0.00661919101156831,0.0114751703849571,0.001717626481844,0.012132653643069,0.014393922485472,0.0181321617059075,0.0108701400970334,0.00728177420582945,0.00637012168657301,0.00388729145448726,0.00784087774522896,0.00653469536772638,0.013654675064558,0.0100351852659956,0.0100415652103778,0.0060990196989266,0.0118879850607803,0.0185507061677261,0.00677561405938591,0.0147077629794338,0.0156535985742351,0.0122786986077327,0.0105495031722777,0.00246141504562147,0.00920253532063277,0.000880821403869488,0.00602367645477651,0.00373021741347065,0.0165690223802299,0.0280504794386536,0.0103862665977971,0.0050187068204721,0.0124404253257815,0.0118931760704266,0.00727211272124869,0.0136035785906391,0.00682009234189954,0.00415494991382317,0.00954303287017655,0.0273961055307081,0.00931946138553454,0.0035239543564307,0.00319626357670264,0.0131136288953114,0.0147713392614492,0.00613273003383058,0.00724905640776147,0.0167670599628267,0.0102951481214332,0.011364834682209,0.00491499412780396,0.00277063395204215,0.00580734626364617,0.0102068384484789,0.00805889996947129,0.00955927537259671,0.00740755230716063,0.00457262401428956,0.0069964384228605,0.0328852885703143,0.0047935511972844,0.0116546353224525,0.0145013348785889,0.00590881999150272,0.0135117457082249,0.0113734223389099,0.0159848225510936,0.00699293270386353,0.00924503805598087,0.00850562002683651,0.00597420505371656,0.0047365443454047,0.00556940026571715,0.00222044562585473,0.019574018212408,0.0142460721937799,0.015997676830548,0.0163489829137914,0.0197958334180328,0.0282772310121823,0.0196284684683831,0.00578144980069772,0.00701630394098936,0.0189189521215079,0.011113766578806,0.00582828162204646,0.00809538782471786,0.00396046014995094,0.0111078972708007,0.00544773545970238,0.0118172979650556,0.00949731584161254,0.00882651535762876,0.00456772934088036,0.010396909917886,0.00894216828354597,0.0139249402814489,0.00517158599649039,0.00820679006259874,0.00999066489578452,0.0109817941617852,0.00793701836577922,0.0129598383497608,0.00344470818636676,0.00484907741732706,0.00679721200827976,0.00630035907109157,0.0033695097935185,0.00860730081629829,0.0045741648116018,0.00566841800333147,0.00582719551630353,0.00380430505637663,0.00558483371380436,0.00621585286114784,0.017885596801586,0.0248190608031019,0.0240017761565035,0.00725518536904377,0.00508205273757199,0.0161803421177127,0.00662048766418677,0.00515635393916743,0.00934355426557778,0.00447962226765998,0.0102143956435053,0.0140448956234499,0.0181509318583544,0.0206246453322507,0.00643073650141679,0.00537327681901105,0.0114742059669237,0.00951523545703707,0.00443596067281441,0.0108630186836252,0.0103595995895864,0.00874591852223498,0.0102257028953511,0.00580001112103075,0.00449405645940111,0.0117357605263662,0.0131632047482258,0.00606074996376849,0.00789815818284451,0.0159382719978468,0.00344666546780068,0.0101902194313954,0.0185858994740971,0.0135521963388227,0.0330783532191216,0.00899611476674152,0.00931668692724559,0.00743484349425128,0.0100501106881859,0.00792919452064267,0.00764812699454589,0.00531892097733161,0.0210742812747706,0.0090286305844085,0.00538700986831795,0.00788172444516786,0.00574138757905196,0.00604103074954534,0.00287174582003445,0.0063347151838285,0.00845533357689575,0.00804191245179651,0.00514278868488562,0.0139910091141981,0.00479322388974677,0.00485054134401312,0.00890017316034401,0.00310445999067751,0.00501431433675331,0.0206731364238608,0.0213620672738743,0.00989380416443878,0.00858009421877929,0.00633717290164365,0.0222260862440207,0.0135307296077133,0.0118671092693714,0.0174930457993337,0.0143843819899473,0.00873044077311809,0.00963799561804605,0.00774405600932528,0.00602457478041133,0.00594162190840804,0.00636019670659862,0.0111791621066582,0.0101772691427831,0.0188478149022516,0.0108724035163956,0.010793117798262,0.00558549863599143,0.0198373488143292,0.00244533293862422,0.00742332986130421,0.00430501694316489,0.00273735317803379,0.0251622693207238,0.00951085776730833,0.00524884289523035,0.012528038417526,0.0113032584589891,0.012886311050715,0.0070650102168281,0.0102149456710515,0.0164082580570504,0.00658373628403071,0.001646570164737,0.00257517900062711,0.00676788422303343,0.00855109572914653,0.019351052849598,0.0121043948730564,0.0108794041502622,0.00585746439120666,0.014891746856208,0.00629353919240938,0.00764152105516972,0.0109773784364524,0.0179470271411509,0.0112583564863514,0.0128226825640441,0.0045427399939929,0.0192581242921682,0.00545366824900823,0.00909854981667428,0.0047551502545037,0.00742047341988331,0.0172135563443288,0.00398613280389576,0.0144010120661696,0.0134262558847683,0.00340921793089277,0.0151788199444137,0.0105080247394944,0.0113981630718829,0.00504248159772171,0.00743541058214301,0.00528741748602733,0.00384875866120776,0.0185648144698941,0.00635657985273149,0.0023519672640044,0.0106955231764127,0.00928338730797988,0.00535784422740532,0.0140233541696045,0.019088198106504,0.0100464058006941,0.0202058762439994,0.00662458166606646,0.00802472483013236,0.0132740648068732,0.00592642519602588,0.00762566802975427,0.00786835771804192,0.00688440593155944,0.0102528861748872,0.0128681474030498,0.0174260156587532,0.0140280731152146,0.0048235338308508,0.0104513126715067,0.014264789813136,0.00481295752184883,0.00582414192081885,0.00832289000022253,0.0151330444674393,0.0114633919242532,0.00696307849374887,0.0120183363120214,0.0066535184833257,0.00223499663736696,0.0143854597253031,0.0138159308148132,0.0108310744580681,0.0108700384136128,0.00262932571972169,0.00387659016738145,0.003442318974888,0.0167770610583697,0.0188129661468619,0.035386343033737,0.00999986899951766,0.0136135285342191,0.0133040313426626,0.0189483393318627,0.00415514651609457,0.0105143044522069,0.0028505973841431,0.00791526685262177,0.00803174583415802,0.0348994876677169,0.0170256213363938,0.00763321846515003,0.010837080236963,0.00587274750103765,0.018902686142663,0.00793205744214546,0.00704269852990325,0.0209720217664189,0.0103947393151622,0.00919715370264997,0.00806608735225593,0.0186574547290258,0.0145591617142989,0.00904911294532612,0.0160004244043673,0.00969833056097842,0.00337588841117002,0.0112899073427467,0.004203529903367,0.00345219055769706,0.0102268619093074,0.0181425951204199,0.00806995162494993,0.00690737991255075,0.00858270757355265,0.00683422444486864,0.00518938169878449,0.00513109540031046,0.00908874477258381,0.00685593795629991,0.0109326136753368,0.00330781389128998,0.0147210093576732,0.0138083181422492,0.0149057814064966,0.0062239660279985,0.00591725205853845,0.00653188848190754,0.0134350152848924,0.00426720032894231,0.0117641302840895,0.00566617214388604,0.00827317610236696,0.00857550505300938,0.013004528270772,0.00449902698331456,0.0065993771007777,0.00808782610919262,0.0302060835670669,0.0364695147975131,0.0456381554027726,0.0124022504564444,0.0185716949127861,0.00991197760386566,0.0127323014363388,0.00261596778657906,0.0188956370057216,0.0085461481120761,0.0145150389895205,0.00414334041807474,0.0100119768172813,0.0121569954652955,0.00122983618430154,0.00720188043863544,0.00396056095486909,0.0112240660919141,0.00782880131523404,0.00756791691688062,0.0487635995287379,0.0122513748293537,0.0114442753926273,0.00428231119101367,0.0116173798766737,0.00270075073938679,0.0129883321385663,0.013790191471587,0.0113115926699545,0.00454690141868841,0.00836716628733386,0.0110067796907152,0.0154927632910516,0.00951399573178191,0.00433739399911733,0.00995956136921655,0.00674125584684611,0.00849943257488626,0.0146335045550394,0.00393316603056062,0.00772268242311933,0.018350886983448,0.016830125735925,0.00663172851158942,0.013504955459258,0.00514360030506256,0.0101037342520207,0.0156992197168662,0.00510827029054698,0.0114202976536681,0.00536961853414066,0.00832079652949674,0.0100436964839715,0.00439077843050993,0.013315396026343,0.00774070458794896,0.0172149237940293,0.0327234654202458,0.0110045238238748,0.0139962765854811,0.00755960934760302,0.00771876226331708,0.00310946625584826,0.0220075418880623,0.00370490084125606,0.00574296314684388,0.0101175884083429,0.0194397716120818,0.0155067298746606,0.0313829231420722,0.017432149374067,0.00798047669351805,0.0127177612207358,0.0219097833979449,0.0150589519274525,0.00719288473222268,0.0114964340120545,0.00490201323399642,0.00927716677747411,0.00868004600697068,0.0181823694731784,0.0173466814731052,0.0124243230975406,0.00438184063240105,0.0410822919062322,0.0552129091358318,0.0407452696020326,0.0535537841631447,0.0408503169005418,0.0216958411341424,0.00278113212043581,0.00621018490841437,0.00941642399634418,0.00703895519491277,0.00911806077374244,0.00619416016559761,0.00739274387264658,0.00926349123652215,0.0114696632711119,0.00935316889095033,0.00585958310381677,0.00809046409095029,0.00788535921059595,0.00610323038599512,0.00288353620059743,0.0110217444776546,0.00642756369723313,0.00399480399679022,0.011618010647139,0.00367895265537876,0.00809410762875736,0.00707281589569608,0.0115087187194507,0.00585043608281303,0.00408796784438886,0.00777644859552926,0.00518481090087294,0.00664642876499037,0.0107641686347809,0.00689798190873947,0.00419757742837064,0.0318090775646872,0.00223415856338338,0.0068755665822597,0.00333642239884491,0.00864501510667563,0.0127590909318223,0.00658709231400998,0.0104967386942189,0.0114766748178666,0.00630378662132193,0.00729137689667904,0.016528241720505,0.00873917975705417,0.00667069220933159,0.00542974201199218,0.00950947130429852,0.00332416949257136,0.00765643510666841,0.0107575329552119,0.00656941136424292,0.0112368948639294,0.00924756697078044,0.0137520831985159,0.00551853388095641,0.010992737739835,0.0104701497099387,0.013031281874524,0.0120469613674512,0.00358364061649084,0.0115529658744107,0.00209703310059328,0.00325649986413447,0.00983922453773696,0.0055134365609845,0.00337296713525361,0.00765193543621904,0.00934939436707636,0.0125689609061967,0.0127802509696683,0.00471173500463105,0.00411010494597795,0.005792085845416,0.0105746738095947,0.0155418574498646,0.0272137843478809,0.00571332460810834,0.007473048966859,0.0114195978947851,0.00700294734347802,0.0110037215450177,0.00375602192873207,0.0170312425508094,0.00247994266257025,0.00802801627637064,0.0191874894506498,0.00685916993849682,0.0087452779260605,0.00600405710386509,0.017477481175371,0.00852087927193338,0.0103761022916951,0.00563562503932221,0.0137230381998228,0.0108941588483949,0.00884150530725827,0.0101179445447431,0.0148844941555632,0.0109212192307107,0.0100165388903342,0.0108775388053473,0.00565177043633094,0.00672151136524387,0.0142898273401924,0.00521120222485372,0.0030441272778375,0.00856128989661485,0.0117297819564166,0.00520664450790435,0.00871778658315501,0.00847870317211445,0.0105372391539704,0.0082591846857862,0.001915488708638,0.0062867712475192,0.00984864951971341,0.00654199853671761,0.00453158671679573,0.00841607115794812,0.00594850884261405,0.00656105657168889,0.0149262266766555,0.00642961286388501,0.00619585482550896,0.0284136045554197,0.0068479586869419,0.0117235604109562,0.00601833305221502,0.00943814784633185,0.00735012544557726,0.00955225061588179,0.0207213905822033,0.00333366217153586,0.00810003356652848,0.00471868131853918,0.00649991968145886,0.0138431444750775,0.0131096163393593,0.0057540472113087,0.0260356871597008,0.0153199362532123,0.0117117971423776,0.00708764271432827,0.00793462781118442,0.00872666169578849,0.0191488024855216,0.00628104783191456,0.00698798402798743,0.00786590142175792,0.0146220128142499,0.00857737406753663,0.0101896369471149,0.00406697504164657,0.00405814169662165,0.00783924163826178,0.0069767934564914,0.00306512077940568,0.00519778892445616,0.00119063609010376,0.00574314297427336,0.0373332563112366,0.0419528012675991,0.0349295681181885,0.0297675573288071,0.0194658417367314,0.00802328569038656,0.012352936955336,0.00658592633269602,0.0167661330017066,0.00688325596798411,0.00448796702961557,0.00654188086671144,0.00839687331301684,0.0109727395790305,0.0142943418589439,0.0104213036404564,0.00481439788326027,0.00445945221513389,0.00932873021859641,0.00266278117339921,0.00863906067880501,0.00408351054700057,0.00282047716649499,0.0096206513964758,0.00355928797115381,0.00369434673343418,0.0073328123432046,0.00583381129966839,0.0194826288876346,0.0157367458051405,0.00834876294427596,0.0241698157157093,0.0379252145598301,0.00712768128345152,0.0136991075156462,0.0121137750896553,0.0141826621489277,0.0192806348176268,0.0111125391399229,0.00398977410416179,0.0049789303732356,0.0247427053522774,0.0114350267351317,0.0146944461571624,0.0130965949279736,0.00433610037985912,0.0047177173066893,0.00898191515591327,0.0248417804437643,0.014796645962905,0.0108969120725786,0.00824966083556568,0.0130545775982009,0.0118307456520134,0.0241402737259971,0.00320127707791804,0.0121819092704635,0.0219706948387468,0.0461730386932108,0.0109588889973278,0.00967429398266363,0.00500719363530835,0.0053748970844951,0.0195746030964835,0.0044475842856476,0.00540559769606611,0.0218032078469021,0.016891502210914,0.00940757020420387,0.00962295283020875,0.00816172192749966,0.00361567689201531,0.0168715386898252,0.00753142629241442,0.0109120082451,0.00459180782908926,0.00532921162699427,0.011767896642358,0.00342708009839178,0.0153936074261597,0.00847271492847527,0.00754139561990839,0.0035407781761379,0.0121510776647745,0.0095093512601593,0.00447977976365467,0.00741795733677512,0.0155237033340374,0.0172159499121663,0.0123213232426178,0.00990209613522732,0.00761507605519435,0.0055235777519607,0.00822277054215315,0.0139523290906894,0.0101584205573667,0.00796360385512573,0.00605873559841791,0.011001810200281,0.00276381569659034,0.00786616754225171,0.0280353650782183,0.0096565504600562,0.0100399612335763,0.00560368169291605,0.00562321568269534,0.0120118673450587,0.00964969384472321,0.00580164361287885,0.00593445731123632,0.00671259259712736,0.00780578324550156,0.0077917517955669,0.00204461582721455,0.015151558077956,0.0113839425523957,0.0110228331991171,0.0101456177489313,0.00746484580245425,0.00589500430255006,0.0156287753232155,0.00904805642113523,0.00575849435006768,0.00460191885091375,0.00961432433209804,0.0101055385476924,0.0152796455987141,0.00977859585198193,0.00932685430023735,0.00907782233867257,0.00554965406682179,0.0116119543916645,0.00848814098599251,0.0113972725087725,0.00863294986334417,0.0121321063917435,0.0104547939491723,0.0257215658109232,0.0245602560115105,0.00591319989746408,0.0139564129340251,0.0134190840187433,0.00511301795552355,0.0156107061235347,0.00731957113631987,0.0125145241370842,0.00973672343573725,0.00970398203960682,0.0158902594273189,0.0148460129758642,0.014489942362659,0.00960977885912625,0.00361805560987386,0.0110775264281425,0.0131056363616027,0.00370905986948254,0.00511239609040866,0.0103644846987837,0.0238361372038556,0.00895094783776893,0.0131226336112538,0.00727729907677394,0.00480967958127063,0.00856895497784417,0.00487993863020068,0.00777424373227479,0.010252657662352,0.00976296480136217,0.0183505381801814,0.0100526964974468,0.00910504273797857,0.00858448643327294,0.0064930630844211,0.00993453145695929,0.00352129695684515,0.0109791261295855,0.0214634600714685,0.0104020287475641,0.00901929372506126,0.00805736100800038,0.00287794893496829,0.00795225050989784,0.00380321477553549,0.00560174481268523,0.00994662473020571,0.0106364415176839,0.0164540992158969,0.00211478350536592,0.0035343892378803,0.00750391190818234,0.000688009289699365,0.00794081067821006,0.00936571667020062,0.00407654719122885,0.00695033126814661,0.0114007408264486,0.00644018747869727,0.00610496306984074,0.00463681350160274,0.0059637298270774,0.00714670767964191,0.00563223522613228,0.0166255509286908,0.0183397416151217,0.0106085783922569,0.00389560249784191,0.0114089443635496,0.00723843229423937,0.00501992374516965,0.0040246852809381,0.00562319823527215,0.0113826725735996,0.00583020404705681,0.018964297652408,0.00823935520137572,0.00281231414940751,0.00191706636452863,0.00839329400130701,0.012344263287873,0.0206609060233803,0.0111056963699159,0.0126134126460385,0.0103390240644511,0.00695897483219941,0.0147639078476846,0.00681317082408278,0.00725774135847137,0.0114721573287097,0.0102354518532398,0.0134689068238175,0.00265294010073595,0.007810023321768,0.0181397436517052,0.00661984098215599,0.00381079866809351,0.0168544252415567,0.0123384464148161,0.0136115210352904,0.0148839070511468,0.00493954106428812,0.00528019872760506,0.00689758970291005,0.0122570021716827,0.00757697941057182,0.00206276617017276,0.00457919898861736,0.00736988361690512,0.00363871100391879,0.00856157045239048,0.0157368372015523,0.00375513666405676,0.00484862840103902,0.00809660956297087,0.012311988391177,0.00505787420912276,0.00730954761930799,0.0151888574569848,0.00877696853555325,0.00564675465960692,0.0134388979636978,0.00824323828181165,0.0143870994851585,0.02211519224472,0.0211191648814963,0.0273725646815213,0.0196148299183742,0.0203652353127256,0.0052351895275279,0.0136885453952898,0.0116376168737897,0.0100532039501306,0.00395133821580942,0.00804115850494563,0.00840036420221157,0.011424655392534,0.00636539410740163,0.00394383605269211,0.00513862585542502,0.00748370682680368,0.0095980760559485,0.0110558804837259,0.0195330293235111,0.00710965304478325,0.00613129775383218,0.0122849278552295,0.024319804061512,0.00641421520291341,0.00536925070360293,0.0134633172277182,0.0066526985442393,0.0152855447392557,0.0141485505804668,0.0129024520769658,0.0042239670476493,0.0105173881912291,0.00698337862239368,0.0102729747182115,0.00863817656672611,0.0129304105597741,0.00611794178834198,0.00540089969401506,0.0161134064946884,0.014957661003015,0.0065239810271393,0.00858563828321736,0.00884776433165109,0.007430272691613,0.0126352300257321,0.00917679775825357,0.00677370872048239,0.00861483214632849,0.00637885684755318,0.0150369358199368,0.0168595802245805,0.00537960253272344,0.00824135662932894,0.00859658278859112,0.00694724655311496,0.00694223181647006,0.00899454050106759,0.00759855050006327,0.0102693670213906,0.00521535775010751,0.0161883151748838,0.00462908982136369,0.00830377443027353,0.00778478962311839,0.00259516502443047,0.00544678149660518,0.00643788955941462,0.00648086285950267,0.0110200580515674,0.0058583112973481,0.0221559202939611,0.0104861349287707,0.00293112388804079,0.00633634489302439,0.00791111396424908,0.00820333157784564,0.00391487613240003,0.00564479673127092,0.0116244293052198,0.00424776731085384,0.0074408085363255,0.00284988040038653,0.009217232673735,0.00559937243302496,0.00608744657908492,0.0114591412686322,0.0121236880625217,0.0233450672718158,0.00467640174914929,0.0035599842101823,0.0212701502445636,0.00503473212533066,0.0118084522099314,0.00609406378503348,0.00564312108327401,0.00370220830958773,0.00580381214279848,0.00964663715778149,0.0105973208775981,0.00743652444132668,0.0203857431098319,0.00533462991122902,0.0105253933636935,0.00851613035902118,0.0162256436293822,0.00594159035224212,0.0179746742253784,0.0224502359232609,0.0063220010467804,0.0173377073681385,0.00734172568049433,0.0058322169416619,0.0136272689240311,0.0105837740101458,0.00806629502690994,0.00942285980674923,0.0100224229121557,0.0112159990049468,0.0106780597736445,0.0221431681600272,0.00751055982093411,0.0099726687392897,0.0151986581395966,0.0122286718974166,0.0100066411696392,0.00628594474209217,0.0114842964470003,0.0153410197394271,0.00528742022987808,0.0241820118413546,0.00931458653162178,0.0152265253030725,0.0160206770946093,0.0156453444201313,0.00323536527687784,0.00582761172204179,0.00828366471590066,0.00639865276547611,0.0134695023313218,0.00360149301434768,0.0123948450303787,0.0123886215655711,0.00734112740374619,0.00940522375473639,0.00774310882511601,0.00878763395241389,0.016624935668702,0.0030084294916381,0.00956043911589706,0.00623948714234518,0.0106237912332141,0.00680577195199311,0.00830943884416026,0.00422787478745932,0.00660767137728946,0.00748846979466045,0.0105401923269795,0.02445112920527,0.00836046056400108,0.0119830762530793,0.00952415792649447,0.0174532311682773,0.00552528036496558,0.0121173314006472,0.0153558033946263,0.00513497732316565,0.00821539928059893,0.00254646398648156,0.00657503562538657,0.00199463097397425,0.00562131251917995,0.0156344930785006,0.0116647697072589,0.00975265661510919,0.0147478800390524,0.0136433508277014,0.0070856310424301,0.00849573661560186,0.0132489463145965,0.00443442152064464,0.00520090622944917,0.014908429455831,0.0102937102838643,0.0100251732392976,0.0073358073466059,0.0223606010632566,0.0164710439145466,0.00731117760406271,0.0061969637822358,0.00409257555773333,0.00951467492483347,0.00948669669002202,0.0131332698190989,0.00625744791864313,0.00828296200044855,0.00888917182660058,0.0110029959381535,0.00623673806162624,0.00796043692034256,0.0185338402680563,0.0059844361564921,0.00523318119231246,0.010168020577971,0.0066297703851186,0.0060710600308859,0.00908201710659388,0.00309159115789642,0.0128321916207292,0.00752142920554812,0.0301136350453964,0.0119926687248922,0.0123342595033269,0.00270576048535835,0.0161058365839483,0.00708748966034754,0.00603344962228784,0.0128638992829226,0.0178631827348168,0.0208163671680623,0.00551236659084059,0.00916605610448573,0.0124633041678539,0.00709467292279227,0.0114246438062684,0.0115267100006873,0.00624162386316176,0.0116306283627546,0.0077944383881373,0.0186625445553931,0.0102241356941686,0.0278949475253219,0.0177849061068776,0.0277445302959501,0.0380773358823038,0.0206479557557073,0.0068512925212928,0.00760654665590997,0.0193867682018779,0.00466416440457335,0.00435069145773653,0.00989855885793774,0.00496484699667101,0.00680262352876674,0.00960577152073559,0.0101890315482361,0.00353499669618616,0.015007910478004,0.0165354715811337,0.0172106360297907,0.00847701977094049,0.00889024027014984,0.00736063056422108,0.00522793882391032,0.00884890985619879,0.00397719588283788,0.0138150268531566,0.00184748781014564,0.005801941833409,0.0179432229944613,0.00920055021634681,0.00861247146639832,0.00595998057974315,0.00383017164049968,0.012342702195086,0.00456328762321066,0.035381172526915,0.0232848232691691,0.0201181899730606,0.0107236760697767,0.00637689956817013,0.00737753038801733,0.00518996386512292,0.00717624141566755,0.00986685105403788,0.0089448030833195,0.00961473048228549,0.0136648631512626,0.0179510355331722,0.0238696709255841,0.0131811258179869,0.0128930281742827,0.0137109068857083,0.00757203986704001,0.00646117077497556,0.00397921694500493,0.0131522178783351,0.0138410603507401,0.00933915022835412,0.00647016018779006,0.00528526524450331,0.0127527149640691,0.0079257305532046,0.00831818528209155,0.00607001468551721,0.00840709995842367,0.00428260188639803,0.0105451673966006,0.00753883929245946,0.0136503540458735,0.00653448190360204,0.00718484783435395,0.00881740586688327,0.00658955707742601,0.0108838828464303,0.0027603291815379,0.00392942002642974,0.0044279488516234,0.0144205119611977,0.0124984506826322,0.00807250199073839,0.00146577351718028,0.00537452682511506,0.00428425035693789,0.0145229462042638,0.00674988216968666,0.0060323278353794,0.00696853551841033,0.00825226958562033,0.0145502402746075,0.00415574203110275,0.00781979562072386,0.00520717351523853,0.00607751684581158,0.0078642479936301,0.0143972984352582,0.0205204320754812,0.00299974656723813,0.013854401205962,0.0181053201794352,0.00874029331509966,0.0214808765761451,0.0140358090131789,0.0213226299430503,0.0192543362370747,0.0107649085229385,0.0085743525616077,0.0393271230475591,0.041348053665823,0.0185341868222093,0.0047373204833591,0.0121947395615782,0.0070000299344705,0.0173779834385215,0.00977462256253142,0.0060497124735598,0.0129828400425549,0.0111508628565539,0.0107267049155865,0.00381068363277463,0.00794623146383146,0.00615022329064851,0.00781882752277785,0.00904287160777236,0.0261103809475036,0.019771715773328,0.00712447522016555,0.0129067972130328,0.0107237366076464,0.0251132413356404,0.0150352025746197,0.00588545673978032,0.0151379064626047,0.00415777138290744,0.00583516427885204,0.00727029093250222,0.00986378450753948,0.0129319941948762,0.0129291363176329,0.00522787291975561,0.00473431317776309,0.0139557399701338,0.00848211843279323,0.00281794859313748,0.00866637019859925,0.00702098368780964,0.00973701210547014,0.0146067690663694,0.00911976059582217,0.0107700409726357,0.00437164785563177,0.0126489024279953,0.0043460028923567,0.0033070260275941,0.0119667247403846,0.00795321796661637,0.0119008625365927,0.0115940301651167,0.00958371404703147,0.00726927079354191,0.010184759719345,0.007619813671172,0.00748331109660988,0.00357307835303455,0.00603601394242489,0.00183070900165065,0.00855672742879959,0.00776379244542689,0.0134585118502439,0.00468416000513424,0.0101462613075753,0.00190259191223334,0.00553537992407708,0.0161808373059231,0.00891057259474097,0.0382648237531205,0.0414454770772278,0.0394203199556475,0.0211043157215975,0.00154158153783712,0.0015844365666907,0.0101768338583127,0.00407313061612961,0.00706840059596681,0.00825168283319041,0.00879508230776658,0.0168742475568407,0.00752611307552344,0.00939348902652378,0.00731838901195235,0.00829016660127454,0.00732364914342517,0.00865309180798514,0.00410465518557083,0.0124234538831551,0.00778593372043719,0.0129541984812206,0.0100697180915701,0.00633528790013425,0.00399230271706217,0.00323375410766027,0.00839002846532922,0.00563936884421897,0.00731954618868184,0.00785809291825453,0.00316672215018969,0.00710294288496695,0.00897312160781301,0.00569521212481276,0.0289169605229963,0.032162199870859,0.0310467937217665,0.00925613136156483,0.00508985041735334,0.0114757828704158,0.0208737287492398,0.00863144136474701,0.00359306807304832,0.0229808229537904,0.00454820912206803,0.0123352642041291,0.00607651939340775,0.00674284206538013,0.00708992857192555,0.0163858849035974,0.00643156618726293,0.0124605592341803,0.0154585358106087,0.00648390080858121,0.0120545909269887,0.00880466717371159,0.00878375545381281,0.0127897753224822,0.00289557964030805,0.00676758641405267,0.00290911400862024,0.00394646910171559,0.0096955883145754,0.00103068628686938,0.00559122892026912,0.00491906051763608,0.00514515228223315,0.00306679592809219,0.00660676704458133,0.00278312276917421,0.00866576846834769,0.00711296483511344,0.00560471437084018,0.00567404231001029,0.014551642004949,0.00791305555447743,0.02220350773109,0.00440691748166522,0.0028429509650262,0.00938072592239046,0.00732067760194292,0.00233890720374367,0.00626829487167252,0.00927433182027326,0.00774318626315351,0.00616993129531205,0.0117965385617,0.0111728732050175,0.021397614505612,0.00718228421889379,0.0294844978237878,0.00782421792070999,0.0120876413619778,0.00759327729819128,0.00546841474095207,0.0159283561492781,0.0107725487720761,0.00578789792728585,0.0106623028810522,0.00768280434695625,0.0199115855159759,0.00814349103094954,0.0120639099618706,0.00768439408356684,0.0127598718757888,0.00988630735382114,0.00712338873578278,0.00611007975584368,0.00651295752509392,0.00861897866729233,0.00342469285731815,0.00538565862639654,0.0033437400853244,0.0103813726167043,0.00580649320198482,0.00612482076297129,0.00844038165954727,0.00799027190324453,0.0059582845965633,0.00457951441000591,0.00341752018714409,0.00677925202758993,0.00715424354399556,0.0105304830678069,0.00514643598374851,0.00452676726131766,0.00445802845183809,0.00508138800895508,0.00652965156419285,0.00378897294907391,0.0128663723196673,0.00662709581256365,0.00903930755513908,0.0106340250899487,0.0102653404553754,0.00630930119054102,0.0101020372916242,0.00437291821435737,0.011638712419846,0.00862978853430289,0.0158851891385146,0.00278421521492561,0.00696302449377482,0.00790276944587285,0.00580081545460859,0.0106042867526685,0.00630761086859533,0.0131063450569447,0.0157915423838115,0.00957113978716306,0.00676049023662821,0.00821486137105546,0.00496088642155279,0.00618316594125405,0.0142767418487098,0.00443555751499874,0.010062104976409,0.00866451124195239,0.0104286539976537,0.00749356677542508,0.0131180391394362,0.015465271542321,0.0114275066995881,0.00499420037800313,0.0138892219960208,0.01060986225654,0.00643823144536332,0.0172253185966662,0.00810553392010804,0.0114725619822942,0.00961878879804832,0.0183578368319036,0.010928117167725,0.00599375491799255,0.0146437892902246,0.00556354959034764,0.00917895211242553,0.0057601633793334,0.00397713417621363,0.00842476439039032,0.00989379848967261,0.00525007408242471,0.00740002908126423,0.00926762221782135,0.00786829290004654,0.00885104229467358,0.00667957624096469,0.0117813639137606,0.0156821877752658,0.00620927456257327,0.00526400444164534,0.00578038402092344,0.00668274272358253,0.00677814309734663,0.0145411056362169,0.00449526695871755,0.00731722586505412,0.00978682601966413,0.00578022545374925,0.00837830920924369,0.01039230424856,0.0142550227743748,0.00654609313374555,0.00974807781554471,0.00386882917153984,0.0160336220450202,0.00470799215559126,0.0106684847339807,0.0157160300809093,0.00797036601625778,0.0244948113665403,0.0267587385766304,0.00327959296977035,0.0066126622187838,0.00518054110720377,0.00960372382264929,0.0153405830098365,0.024492734678188,0.0136678745743838,0.00901571585837851,0.00693365520232221,0.0126033013469988,0.0124343033502746,0.004769534861578,0.00668516796340141,0.0241517350881191,0.0207775439153725,0.00847720609733112,0.0280065460960859,0.0101019615026809,0.0133058957665047,0.00651197579986196,0.0141899818814737,0.0142816064719863,0.0153787179065879,0.00573358236166401,0.0109641697679651,0.00940931825863859,0.0108825808674591,0.0114535337961964,0.00812036636678641,0.00694935359966833,0.00699853780465611,0.0103710421598374,0.00650062778491374,0.0106375069534001,0.00554772794904238,0.00914162861782412,0.00721411852201646,0.00398441719397813,0.0137187215563253,0.00937495367108954,0.0132849658730307,0.00343676502275588,0.00720122151014761,0.00605597797394147,0.00687108444217303,0.00924691966364479,0.00829190244260205,0.00645250368902434,0.00565956570514788,0.0166323159596191,0.00739774105432213,0.0111750908087864,0.0122451991696045,0.0106107065436981,0.00581692227834124,0.00942628165870914,0.00375630579650937,0.0124116786639862,0.00933334906897491,0.0233641438289519,0.0135195989417792,0.00909789949372025,0.0121673429769932,0.00906179190279725,0.00590846744791843,0.00618925878427745,0.00696415070915261,0.00497921087683673,0.00799350543100039,0.0206205613749138,0.00364506989613517,0.011407301864438,0.0112652057029265,0.00200741858655841,0.0109342452400964,0.010156078669636,0.0074521416276769,0.00654965578595488,0.00825437464772337,0.0217341441708429,0.00778747951308478,0.00461854299185827,0.00745479354929085,0.0136154018887241,0.0060752526761255,0.0154715534717099,0.00758727443536298,0.0148627995503751,0.0078534631572871,0.00408439738058963,0.0129375795864294,0.00602870903522055,0.00666132734322239,0.00869818210317029,0.0112220632203199,0.0145366148990084,0.00763548235765889,0.00602527075879426,0.00613917918186691,0.00204529891776038,0.00480149178350101,0.0132768325536595,0.0136317845696828,0.0179949596056249,0.00957915120441744,0.00373738192757557,0.0147333902980911,0.0117179882939754,0.00378624606339745,0.00493121579548032,0.0061758209279158,0.00968547750120746,0.00507724953003931,0.0165707021602844,0.011319701312264,0.00632285449543183,0.00601386165723008,0.0109930406346967,0.00598547114645825,0.0107926348813573,0.0156934335931932,0.0175395652235092,0.0314430825789102,0.0098070343175191,0.00609831829052258,0.0103767175797458,0.00568858484464454,0.007221283793928,0.00478840342062477,0.0164814294156248,0.0101235046594164,0.00971700758705755,0.00604105830493294,0.00702649056825957,0.00942892642666552,0.00910561186729468,0.00657260736782013,0.00697441914618914,0.00694977109885712,0.0124359881245172,0.00493769802973439,0.00473674659293914,0.0126922203844947,0.00305109134848649,0.00641218226075274,0.0116096725099072,0.00662538865059364,0.00462019328498577,0.00208887968835667,0.00724285303039324,0.0133311126286255,0.0104491480708492,0.0213712508589898,0.00758184568106376,0.0124812029854629,0.0146614233641606,0.00695414449599217,0.0124942193167007,0.0148780439764543,0.00679354998967655,0.00672950843696568,0.0166495320155133,0.01917517829686,0.00972759862731367,0.0160797269995664,0.0100768916382928,0.0114765844932108,0.00878227427356987,0.0152462609988191,0.0130813830294439,0.0020704588828747,0.010164264944155,0.0107188035713244,0.0140423051185954,0.0142892252184926,0.0148796622240635,0.0064018013456977,0.00432031827576335,0.0113253236139281,0.00750801347912728,0.00553898491150295,0.00677982194840541,0.00705796564460106,0.0180491776460427,0.0130143922869392,0.00636872688447595,0.00520799634185583,0.00118456752465037,0.00989281829082469,0.00655028019242415,0.009451197562892,0.00799945740660094,0.0162803633195567,0.00928193117246208,0.00659836099934917,0.010348993928913,0.00596666402491745,0.00524566729210591,0.00742472317636881,0.00640081955806467,0.0020321306388598,0.01337343523568,0.0155670098154965,0.012999605637913,0.00651676930012096,0.00705580090716747,0.0147725045009106,0.00994854134316553,0.00237868999140497,0.0091807420484656,0.00500446329708465,0.0113053641755156,0.00814542052895376,0.0104327582881454,0.0188678324651597,0.00689324140363231,0.0142347084788653,0.00336187999803324,0.00509735579400724,0.00715373839487636,0.00240501339882064,0.00503537616475913,0.00934180236551,0.00753303659673754,0.011531259934158,0.00914219550223244,0.00495059471140845,0.00917704612090403,0.0103459741349145,0.00599283789465523,0.00908647053311468,0.0287657171648818,0.00708693826631044,0.0298074079154227,0.0126301280982103,0.00768631516070093,0.00429033192368866,0.0026124741472298,0.00617855615995448,0.0072837260263076,0.0155236733033759,0.00535026014099095,0.00581697156010228,0.00360158645013235,0.0120166916339943,0.00962933188098949,0.00396462328127043,0.00521738373596457,0.0109723583869955,0.0148838336843995,0.00589890315198875,0.00685448563537751,0.0112258897801122,0.0152198516305541,0.0106253924951072,0.00782167635237186,0.0104170774241082,0.00992533825470578,0.00938944347897242,0.00815170224321667,0.00461855625844793,0.00994659294821911,0.00552859669678912,0.00967458548820436,0.003383175281368,0.0113529337762054,0.00629708773556931,0.00425798768607418,0.010149373903051,0.0106773548481609,0.0129030249989232,0.00532219229705061,0.0157810250438652,0.00923378954630144,0.0052648789827266,0.0310424672158193,0.0118719063573207,0.0051038212043889,0.0156321730280724,0.0117474327310253,0.00764201828749175,0.0107617934253518,0.00770351832565898,0.00439904921698038,0.00576749350597944,0.0110201108537733,0.00659673607852459,0.00892806123598143,0.00601259190978271,0.0143461211449836,0.0169575391733626,0.0113321296107571,0.00813481245977754,0.0124784915148927,0.0123220950087194,0.011606837243067,0.0122011853802484,0.0177761508538629,0.0085951547993021,0.00999517469859829,0.00846649524704994,0.00288554758448978,0.00966594553614038,0.00984186819129131,0.00237352291075897,0.0109959103886036,0.00589544553267044,0.00203547200635014,0.0146101442307029,0.00740116114301331,0.00672983401504736,0.00599509000889559,0.00453054014428424,0.00433784878530939,0.00445220761200192,0.00543370896474393,0.0107060323803752,0.0127585979710072,0.0139256376485754,0.0112903651893265,0.0107684110973247,0.0146108943832431,0.0113759497561008,0.012432632505131,0.00974868845927575,0.0103112056443053,0.01204951545239,0.0141658978795643,0.0172221456662356,0.0123499041901839,0.0196457218255354,0.00953024856424778,0.005487200924039,0.00825815523012744,0.0126200455912037,0.00700137787078451,0.00494392152829243,0.00498250985929845,0.0116186794073172,0.00661016940803412,0.00806415090230611,0.00948040027391482,0.0124996055133218,0.00687221959520386,0.0162408507698633,0.0255440638582665,0.0186605153047887,0.00668112070702787,0.00455081891937444,0.0120958201040314,0.0131916554042735,0.0137856096971155,0.01035706922194,0.00433826113475934,0.0114877090231569,0.0234468531312734,0.0213381828896814,0.0275043914261953,0.00962601461229479,0.0108581671633316,0.012551608959283,0.0108642171984091,0.0146907464552916,0.00669235009726358,0.00585361212225159,0.00312621121168995,0.010654991166357,0.0114983579811519,0.00532103807018747,0.00998400186936399,0.00661093646944762,0.00717526498880477,0.00945215768326757,0.00352109863250492,0.0114610063142631,0.0162366253536628,0.00488641336603968,0.0140866117297467,0.00214914824390605,0.0112539585453164,0.00695009970856836,0.0151897202317889,0.00638945402754304,0.0112598576768812,0.0106339358323384,0.00727503317403945,0.0158112261927853,0.0155357106077942,0.00918846643626844,0.00958543463318845,0.00357974055845454,0.00495230216131964,0.00593466299163966,0.00882545625751406,0.00753120197230861,0.00833355875397757,0.0163409197381324,0.008517685658095,0.0172662119249923,0.0224407688785977,0.0105611069239203,0.0106378421434302,0.00193542525084102,0.00815847670881289,0.0103130187373665,0.00807088364926156,0.0252085458918088,0.0152505210984072,0.0117255810427478,0.00540984195569649,0.00388547171475934,0.00930323411940307,0.00931848743674494,0.00809404344128449,0.00838581105088478,0.017503265016533,0.00420296665364835,0.00825967150207737,0.0186867929309978,0.00293835759240274,0.00591421856753864,0.00846294011992021,0.00642941208679343,0.0123602272135635,0.0203799054289652,0.00360793844006056,0.00456624904762578,0.0149533774209761,0.0170242333972021,0.0150878695007345,0.00454295336266571,0.0189366735435276,0.0076033163490705,0.0123213992839943,0.0183441479457703,0.00633903735735882,0.0118337230999729,0.00830221452554973,0.00997680804351155,0.00948923554545789,0.00414869901195299,0.00341542088614682,0.00669906004431916,0.0124660703214455,0.023656513918083,0.0137940080457265,0.0138127806753442,0.0362881261988593,0.0106259612688772,0.00594891010321275,0.00781912002582758,0.00654024286088249,0.00410680136248135,0.00560387708654029,0.0170229038474529,0.0087864339150785,0.0059071853495183,0.0083836079039636,0.00320623404750101,0.00525978808310399,0.00568435113357046,0.0095499313330976,0.00469198280198609,0.00487852826158887,0.0105400561709874,0.016135716249519,0.010172185689126,0.00421581634876306,0.0109681213666104,0.0108512933793574,0.00743692749738397,0.00339915892541751,0.0109776345024548,0.0050304814597084,0.00894351553760642,0.0154437692886529,0.00805448278648546,0.0250440171092804,0.0110620764011209,0.0243791607863128,0.0164135975582935,0.00919645928052306,0.0197333803187931,0.0085067729803938,0.00894601404572681,0.00804055149807908,0.00843650556650875,0.00356615245763536,0.00448264569283815,0.00367226605696178,0.00805650480271926,0.0157682122738852,0.00705961707791429,0.0042715306598831,0.00325369608211101,0.020114784219724,0.00658125963027397,0.0103689698430254,0.00809579612208007,0.00690440198468214,0.00737708003699914,0.0141162657226659,0.00961875235978362,0.00894373812421684,0.00854571900574123,0.0140765444808627,0.0103575146214012,0.00827464823293929,0.00724618013198421,0.0112054118452678,0.00396395029851756,0.00435137848894618,0.0109735092348038,0.0122714439538344,0.0110769411011506,0.00914236392330925,0.0101658821182591,0.00901771316691095,0.00867275415358626,0.00619370226411729,0.0127460151519205,0.00626757041506119,0.0110587074111146,0.0216215750817135,0.0166024692406138,0.00650285688501059,0.00373697884312459,0.0101666611835094,0.00949641722895502,0.00320407079037967,0.00431562582812188,0.0114310145992124,0.0274290674639064,0.0150050358742355,0.00207661295626216,0.00828307823515051,0.0119841501524261,0.0120637125123266,0.0040997994719976,0.00798525282161268,0.0114450442962445,0.013250119877101,0.00429102682533707,0.00403342751720243,0.00592534733869521,0.0103394884011599,0.00942781085973162,0.00408511666247363,0.0114130092620189,0.00677560452131152,0.0121238373173683,0.0140551250821522,0.00866297805415776,0.00403983365048135,0.0180616220374505,0.0047917055426702,0.00976805456324131,0.0083891711427736,0.0214381111697556,0.0190979506940529,0.0303066029612077,0.0285585178828387,0.0158421337729223,0.00547007295836538,0.0165029273842125,0.0116588242135562,0.00571690776524551,0.0107773181971117,0.0116379425048163,0.0165738732065593,0.0615007855372882,0.0413917601953085,0.00672159782276037,0.010181662987674,0.00961613293038802,0.0118655340057254,0.0104481040913007,0.00982926189801545,0.0104271086476739,0.00878218196578614,0.00762216355067532,0.0125393801822722,0.0105962872619596,0.00933925573674129,0.00507232628178171,0.022157169441799,0.00788372348323809,0.0172334643742943,0.00521343704677677,0.00332179982016053,0.0094170602428599,0.00957172694111434,0.00686602336294255,0.00676169020919974,0.012976254039337,0.0135470527411683,0.028890951865927,0.00996083751791048,0.00554858117761226,0.0130762383772977,0.00864687218398802,0.0105515793882532,0.00668688465277804,0.0126995893442756,0.010098188441009,0.0197013924092097,0.0102265076489314,0.0125623968698822,0.00896268799708564,0.0068576691957144,0.00390155479652164,0.0208696582752512,0.0185870387562126,0.00375388862142919,0.00465726675871708,0.0248623968765153,0.00715118785306449,0.0110470593568083,0.00864916265288827,0.00769929247850909,0.0097129985411696,0.0132318260888552,0.0154621065225878,0.00888856299673054,0.00651851969713215,0.00763749105146871,0.00450821609906068,0.00355324651093893,0.0144863432193528,0.0112431863437763,0.0114928658503472,0.0087367312225494,0.0107762471698098,0.00680790391001094,0.00791562447736486,0.0130433112154901,0.0112023265949136,0.00976011588408924,0.00569979208356519,0.00582777093608133,0.00567284575554291,0.00916880755743493,0.00822669250237109,0.0056035933880258,0.00523103374070392,0.00308960886034928,0.0072952667544852,0.00939256013217445,0.0119504839805032,0.0301614058774366,0.00644239160228237,0.0214526849241692,0.0256690159215882,0.0134644131924196,0.0209054577685339,0.00491032904155684,0.015516519750248,0.0119420524555788,0.0147810048477466,0.0225131543990483,0.0104610642126662,0.0113541864990156,0.0074613293471282,0.0204531300047961,0.00547223334570161,0.0129173106991593,0.0123688689624642,0.0126400176109627,0.00695826205009784,0.0100006151115793,0.0132410863743867,0.0106115962038967,0.0090732743028604,0.0199333548554552,0.0119814729279514,0.0177646683242883,0.0186004094247787,0.00549106353180499,0.00704601714664729,0.00689246892979948,0.0113743885533959,0.00629295460057042,0.0113069256350141,0.0187608459609478,0.0209449340631965,0.0113044851233758,0.00956885422472744,0.0139064475160375,0.0168151672807196,0.0159214503834204,0.0125762095918667,0.0122188723535214,0.0620451372242525,0.00492570413171145,0.00699858995984872,0.0101386941794596,0.0133688115204269,0.0111232117877819,0.00431259137296164,0.00273104917316125,0.00764034139265883,0.00392983198040644,0.0136961985904072,0.00477309314854716,0.0147117522711071,0.0200308345289431,0.00720671706368483,0.0086471250377748,0.00578735310841155,0.00510161402852022,0.0150357031083749,0.00926726264280818,0.00773015025524012,0.00874978257042177,0.0041061089313536,0.00356288612547114,0.00830615679047364,0.00258126543897014,0.00807521906251505,0.00559435343726422,0.00449259354596804,0.0336800122947554,0.0805432692271397,0.0346142237998693,0.00770558250617233,0.00882214147354695,0.00309366456486086,0.0076744608880636,0.00740452130883124,0.00456635642112085,0.0154151161308413,0.00328668121375188,0.0133081850881124,0.0044703900479231,0.0117372680833782,0.00150479580565686,0.00908313428596743,0.00357172282571886,0.0120187193609852,0.0173165242093483,0.00532746527239345,0.0124123913762924,0.0276294339830138,0.0180811300888931,0.0132216761372393,0.0228010197340956,0.00769494127378878,0.0160803138454201,0.0139128020320981,0.00478821819959506,0.00782952973397969,0.00689004573302919,0.00740970394639566,0.00748759335942617,0.0181770525432419,0.00733428841359372,0.0127001197841136,0.00420908861834002,0.00641383641408527,0.00495305314684554,0.0101744307859226,0.0141655498673786,0.00240481878455094,0.0108794067818443,0.011041526584298,0.0115438274004325,0.00848210559960409,0.0031612402201401,0.00535911323693017,0.00580842136557876,0.00485018171367911,0.00908443810224165,0.00262074775696523,0.00391842765711005,0.00541596910697921,0.00878865663245643,0.00779975652097757,0.0137800438484662,0.0116447289228249,0.00812271312245026,0.0129423162604384,0.0448348819297449,0.0328760429528255,0.0277246796749105,0.016525611243075,0.0078513850723231,0.00809398444184658,0.0132900136364757,0.00423718410840814,0.0310347948333604,0.00550117299496835,0.00750643002082502,0.0147815776773076,0.0102249503970347,0.0108920132307918,0.00919607096832292,0.00819869230305387,0.0107958713160962,0.011080772467277,0.00715876011670084,0.00591323572808452,0.00981310759946515,0.00761261221353452,0.00391455322173382,0.00268522838797382,0.00826444643226876,0.00564783301403149,0.0100910254070702,0.00440658049326877,0.0265430419239551,0.00459465574730765,0.0157839578892005,0.00333916466877785,0.0211299847385521,0.00693803610206367,0.0120483236618063,0.00726072937479115,0.0142835418572939,0.00942211114803267,0.00551354054114946,0.00877755108080465,0.0154452043951979,0.00885057352719184,0.00736609859819866,0.00470045876971958,0.0189795012461888,0.00994605742626159,0.00595556449054494,0.0044521367924372,0.0054941871537217,0.0103833120898184,0.00795409190174109,0.00903136254022289,0.0109282310548584,0.00738584928616185,0.0108695424309866,0.00714700951572592,0.0110665428323364,0.00778197200287375,0.012326325724221,0.0107630156349297,0.00992047981007258,0.0100703193665465,0.00365141834933796,0.0047831478156645,0.011568202929876,0.00532805128214801,0.0153956494642982,0.016938776000902,0.00470418682920559,0.00891852712466867,0.014188477792063,0.0150730661648031,0.0223487917305675,0.0115158503051299,0.0173497969169506,0.0160964320095144,0.0125087357584514,0.0058036326718948,0.0115949558743238,0.0221922567803218,0.00419163257371149,0.00203338778190661,0.00712778978203704,0.0111846732668191,0.0144659476382951,0.0104933710352147,0.0140651083320928,0.00617283204886186,0.0146423489468535,0.0180051803397359,0.0147746655069356,0.00456409694584459,0.0103932864047609,0.0107094402227043,0.0222755091489375,0.0110749184761165,0.00829496577039866,0.00799445993536546,0.00481081578748088,0.0120795252837476,0.00693009869026308,0.0048082984422622,0.00264205081217585,0.00533756660594862,0.0144212739252235,0.00795042254205878,0.00727029713962552,0.0107686229077353,0.0105311477940537,0.00503373612475152,0.00995742796702748,0.00618799439762568,0.00890503188897773,0.00810254462436516,0.0114306227155431,0.00649932707998837,0.0127954673160216,0.0155415961520866,0.00736797682783365,0.012208157613584,0.0121958876692186,0.00547063047734545,0.00938492259001269,0.0206040987258216,0.0122683015355009,0.00588644293615274,0.00624554028333133,0.00798460501757386,0.0127274793893715,0.0133783502083998,0.00862900294263136,0.00700912597775187,0.00677857832909488,0.0151299200783798,0.016742192790721,0.0147886076050134,0.0080957360838414,0.00466807533304943,0.0128892756665001,0.00636959181170904,0.00792048446719235,0.00865203873836142,0.00593573553818498,0.00527398943297107,0.00506032248894639,0.00530259479420281,0.00842210456589789,0.00390458363984621,0.0127635749521379,0.00759746469741388,0.0077345317828222,0.00339219440180388,0.016541190652657,0.00723935393068093,0.01195960201061,0.0101304533826296,0.00942980464274298,0.00969177839541696,0.00792495695129836,0.0109671016007915,0.0105191346429173,0.0207967031317683,0.00632086599491644,0.00208128229648119,0.0126105021513636,0.00948865770619201,0.00436485046020925,0.00704567086516019,0.00594137435787073,0.00676074137008568,0.0158830637932378,0.00610024336285442,0.0113135064966886,0.0168171831409232,0.00429409094913136,0.00411030529474153,0.0101880673799584,0.0190180160957104,0.00596075854632272,0.00350809848715894,0.0046359362818002,0.0146424223333897,0.018494613969372,0.0122830841480919,0.0076080728929569,0.00445510470571764,0.0114918689326987,0.00871340293900391,0.00545441434503987,0.00708444884498801,0.0140848852903512,0.0251852612098854,0.0239358549358554,0.012278455688892,0.0276412431473876,0.00706816239918728,0.00737081152637253,0.00234775963387355,0.0140277342597548,0.01262050157159,0.00511062179941183,0.00203611658603472,0.00771927059371734,0.00780016449534167,0.00538561097868664,0.00702965766510203,0.00828353170963033,0.0204404963245473,0.00810308520282591,0.00749889166653807,0.0118149128849683,0.00148158450862782,0.0107497348629478,0.0045420955508935,0.00635155254137184,0.00422430273919209,0.00918927762985219,0.0129488641503937,0.0112143180509836,0.00489434633185817,0.00498776835989662,0.01061265329551,0.00811182204706268,0.0170317550610465,0.00697720058918339,0.0199714852532475,0.0335198304086778,0.00856090003453136,0.0107937948452232,0.00511283469956209,0.00708786567971072,0.0134624112196028,0.00372058743800654,0.0140749648548395,0.0040952301015957,0.010022236096131,0.00969760565545998,0.00203961636752673,0.00748227252840089,0.0155617107240434,0.0269752590632712,0.0151198878963855,0.00623606674783369,0.0110803924439762,0.0110199360906079,0.012899240267553,0.00352586985319381,0.0129060894747768,0.0140902656332385,0.00856049578255637,0.00519267306539852,0.0180833799813021,0.00571992894735198,0.00321043998334414,0.0162107133615215,0.00871915315876648,0.0173480595880219,0.00468445690288179,0.00256541285815243,0.00806760384315515,0.00500030546298804,0.0165320963502918,0.00864495752161128,0.0107321428882305,0.0109111468011785,0.00785703987819492,0.0162428468944243,0.00896837534620894,0.00792116433521974,0.00828997573822034,0.00995787166547587,0.00601915436000596,0.0110933436287999,0.00530383542195987,0.0148515775312026,0.0106143590603223,0.00982158377184,0.0064121699280108,0.0105957595744055,0.00539648392968058,0.0039340763187999,0.00154414431295193,0.0123782134394754,0.0127564521832693,0.00564329230552442,0.00563370464685821,0.00358185076634837,0.0083046268154511,0.011211497426936,0.00777119260142364,0.0164195745049416,0.0049613764350114,0.018817326312117,0.0122420135202281,0.0209652833799445,0.0204616961893581,0.00575955499028088,0.00627147488640789,0.00309290588140397,0.005839973024835,0.00640547913332688,0.0147994670050448,0.00737920446889253,0.00535829177140751,0.0105171630212024,0.00828027181451072,0.00410813460516348,0.0128341767618231,0.00755358380705534,0.0141787332387865,0.00536805583367778,0.00773130648154278,0.0046116881021014,0.0139751852834498,0.00603775578921279,0.00512277189133072,0.0153291677966471,0.00872481981485625,0.0111222399881118,0.0135315331867004,0.00519082554714884,0.00909496601091606,0.00714273615152866,0.0143014053463134,0.00850327709677064,0.0129036214740198,0.00410489474661955,0.00697488363561203,0.0386708400194267,0.00545770790576746,0.0126623746327668,0.0113611927851307,0.00901606953983338,0.00718433623563242,0.0151144801934343,0.0087566565322487,0.0123674892005465,0.00578457286207871,0.00298334169179463,0.0119829155657845,0.0109143465735964,0.011369673124716,0.0137245472552604,0.00403577581290491,0.00903770401283031,0.00958449760717145,0.00556227357750964,0.008637316140483,0.0132086542262628,0.0086450283178003,0.00735880739062019,0.00806280513893526,0.00407344306639085,0.0123856888304653,0.00519499372468074,0.00270113772274962,0.018515188753869,0.00842878541117618,0.015532859068128,0.00736367977215659,0.0127504660995548,0.0113150003569432,0.00432518726351716,0.0191333650165818,0.00955152978697575,0.0160141275069665,0.0179648651343468,0.0117566967244644,0.0065170234290845,0.00659541795574335,0.0143287256518537,0.011506253866998,0.00871221514809504,0.00596040111955528,0.00865985045770934,0.0124526171305926,0.0105389674839931,0.00537975288425792,0.0248533124533257,0.0120071753085998,0.0108599201916781,0.0148462949301649,0.0153337462335159,0.00857607595852766,0.00554607654141875,0.0170692681073171,0.0152415131521193,0.0113495415727263,0.00481900182713318,0.0108813358402157,0.0152382282846653,0.0144772813230724,0.00553105567823958,0.00570410169453569,0.00273195442751236,0.00189988706541929,0.00535304767137427,0.0590389501149936,0.0161867098816681,0.00772294410340374,0.0120918700885039,0.00146731736361209,0.00467607301575013,0.0110127760686077,0.0046190801474791,0.0125895769962616,0.024075620444982,0.017959437774059,0.0280900928093052,0.0217551469332412,0.0151619812662444,0.010964656803779,0.00843390612718988,0.0167510693637414,0.00460437000995449,0.00964931356107251,0.00715495866584898,0.0122972430035506,0.00871078210530226,0.00714811772631737,0.00831784673561335,0.00757620920670045,0.00599884525705274,0.0106418131687149,0.0100318933970931,0.00306253955964392,0.0132473246456475,0.00729187331609064,0.00358958355881422,0.0133924180132815,0.00517514776489823,0.00893799554294072,0.0156865785988225,0.00569862324680687,0.00677324893444588,0.0180640408355744,0.00791154170100894,0.00964743595053911,0.00846882769864057,0.00998062036083445,0.0207826894209644,0.00901762025752221,0.0080609371528512,0.00374562866881883,0.00330231165108954,0.0158443154350462,0.00450893714907008,0.00645461142525126,0.00272069861349977,0.0198978727879648,0.0103703394106892,0.0115812806586113,0.0135030397708595,0.00839812165108485,0.0112289500086266,0.00869104294021485,0.00673305618265217,0.00919621464570214,0.00611348392962804,0.0140061018816294,0.010378977665504,0.0133791970586494,0.00895380716429852,0.0105186927891497,0.00877529499252738,0.0101856493627513,0.00688416028120731,0.00228206188776668,0.00458788678658469,0.0055816328895422,0.00642354652319395,0.0187108259235468,0.0155999746894375,0.00303228608644037,0.0127675879093993,0.01922858413224,0.0129846934438929,0.00850420324240821,0.0211395962838691,0.0155103538824688,0.0120158536619022,0.0124902878360824,0.00390228526592469,0.00361427445806628,0.00601063546526533,0.0161664089964912,0.0111791324581769,0.0104317987230128,0.0278135635456273,0.0066666399055468,0.0058122008941562,0.00758149481378334,0.0140371907660906,0.00482233120711556,0.0124905649247741,0.0114979444204036,0.0190987765390175,0.00884574099490563,0.00572879205867044,0.013256131932904,0.00596692915752476,0.0109014013185681,0.00526006301319052,0.00598545121516325,0.00946776968870215,0.0105639419603688,0.00839421174385213,0.00952651627203645,0.00488595034699463,0.0161919482772651,0.00599523275961576,0.0237937037551652,0.0116419893340316,0.0190093958485808,0.0201105215705767,0.0264767061709437,0.0129618914010416,0.00577590147916225,0.00747022972759028,0.0111787181175748,0.00555986058455147,0.0187385044519162,0.0185009995970368,0.0127929875885451,0.0223724552745766,0.00923491930368901,0.00835311833671611,0.0230564130576949,0.00451437789891146,0.00883389122180622,0.00852908517186428,0.0117696763996785,0.011943665142328,0.00551785423282083,0.0106285703674812,0.00800102824397086,0.00849709391364828,0.012675234097245,0.0115028120581867,0.0160988027715336,0.0178949278945318,0.00899789496018501,0.00673067120102176,0.00488683967713671,0.00683827518558453,0.00574676421156095,0.0102097566613651,0.0141678379811772,0.0114517879696751,0.00900352519593567,0.0386519471524266,0.0645380397239839,0.0166276506314726,0.00748807750866152,0.0143627511858642,0.00956398979091068,0.00769399069527425,0.00640710231598742,0.00690581097012984,0.00584597351962181,0.00467344203490851,0.00587901708393105,0.00550154410348504,0.009959754494666,0.0112726645467243,0.012581253657989,0.00604496676148196,0.01156155654295,0.00619954109700756,0.00421311487374624,0.0197833134252038,0.00855724718928841,0.0100307209651209,0.0199742021413402,0.0116545055181754,0.00600771183913399,0.00569912435141682,0.00565388574805091,0.00343828243411167,0.00500562407472332,0.00933425229258565,0.00609921463643768,0.00747977355911896,0.00633479603852995,0.0209389663352023,0.011354145543749,0.0119067887003991,0.00783468555467417,0.0120511585522865,0.00934594680911481,0.0112631131394332,0.00808761225412367,0.0141973199356457,0.00526371372983623,0.00405997667517912,0.00356003068218654,0.00695632226079732,0.0106287126975076,0.0333707412271929,0.00934398379561674,0.00604532708585448,0.0105380635585586,0.00976772358690216,0.00965126442858398,0.0187549600696144,0.0123771127879783,0.0183495047698521,0.0113131228531036,0.0105555606127496,0.00874329867585033,0.00764305029894498,0.0137786024150831,0.00487276331660338,0.00771754894969756,0.00654943065839745,0.0106971427758749,0.0129157932834755,0.00625463599413798,0.0141832834100681,0.00720018507801155,0.00854202264903152,0.00814635020569669,0.00479891849209178,0.0123474856085576,0.0053297871090923,0.00879068812645941,0.0081849787174814,0.0120013757101669,0.00615500796186943,0.0122749456055557,0.00827230595115713,0.0146484203893222,0.00750126490248158,0.00275682319997966,0.0146531279883953,0.00669934847379883,0.00599984739766735,0.0210870854623025,0.012349416976841,0.00335839825469329,0.00547344228360723,0.00368087631593887,0.00629502934541774,0.0303126277443427,0.0371961973581728,0.00598639856539139,0.00617012145015089,0.0342550819627863,0.0190190172211769,0.0120331770023041,0.00507674719425224,0.00554372716549545,0.00520947514153453,0.00585071861595147,0.00733463210312735,0.00885671257460705,0.0150153651393587,0.0116844156963294,0.00628890948997631,0.00888452185967859,0.0047778822592077,0.008697356973003,0.00772978100308129,0.00483970010260976,0.00605825867568623,0.00389671802431165,0.0168305976953198,0.0168143986134625,0.00758998934387548,0.00289210946521316,0.0129912339451329,0.00619212834222858,0.00809240417297008,0.00272846655744709,0.0103177986788477,0.0104097071919621,0.012214075535177,0.00558810066285078,0.0101773297525322,0.00541281621073756,0.00979115278025426,0.00512368371143873,0.0055921666119075,0.00657873340230778,0.0127095569247985,0.00602284300789624,0.00485823115122848,0.0150667360174679,0.0067175218277901,0.00917313378987308,0.00353807024288361,0.0038718823684206,0.00490677181637842,0.00500882505135978,0.00535061237444773,0.01494559994054,0.006498954078523,0.0096120869520265,0.00911730128448142,0.00291769233130137,0.00516549932515139,0.00876911095829445,0.00689260354837577,0.0168902628881062,0.0158060615080421,0.00659387833955409,0.0148375247394192,0.00373034339419117,0.012469940837115,0.00675364959215249,0.0122645994012363,0.00562665193031244,0.0130216109085521,0.0116019964999013,0.0128151995935613,0.0127588663785858,0.00594945254489369,0.00616695215124652,0.00944843464832309,0.0112708411140874,0.0108372257584396,0.00767118569457422,0.0169769183006097,0.00553840979866989,0.00779766109961331,0.00705924250109824,0.0103218823367558,0.00522538489748126,0.0234949490513137,0.0104655829331545,0.00661118672213273,0.00577058687429503,0.00555151985284127,0.0185911141014037,0.0213084627241162,0.00551771411350434,0.0186587205350254,0.00898975964324296,0.00960657712013885,0.0047296659842226,0.00363153152152311,0.0162988802714857,0.0105328419137546,0.00715412326610497,0.0209114900137845,0.0177116478587987,0.00786531575451788,0.00666445939620517,0.00717768807042553,0.00643237105602893,0.012991073203773,0.00570017774415001,0.00532185179052206,0.0118509565098595,0.0184419385608112,0.00758886115276334,0.00254734792237963,0.00544636071968703,0.00444261029180284,0.0070924909514549,0.0170072180018943,0.00911736307891901,0.0102459020263823,0.00779756070028529,0.0221262744079254,0.0206160093997193,0.0078241961538425,0.00806386626356918,0.00680934010084818,0.00468514161058196,0.0117399763009154,0.00372611373428794,0.00663245962853561,0.00541323680305554,0.00399681683739136,0.00370085269621693,0.00917660029918978,0.0114949019518533,0.0087322512681645,0.00635932961163242,0.00493721324066632,0.0125438707171677,0.0140812992218007,0.00487432255437226,0.00641188697155646,0.0131709975966828,0.00783204536416667,0.00951642685326763,0.00572050341499699,0.0131445860446275,0.00375047495333536,0.0124534142298596,0.0180988199127628,0.0141456166494267,0.00974498375516529,0.0198404472387123,0.00896274165183009,0.0142943366580131,0.0132964491342224,0.00868064771895786,0.00528920147534362,0.00490062879381759,0.00632550919465082,0.00885031684625907,0.00728957659506021,0.00729184851349307,0.0080677036594438,0.00494185759619716,0.00863805552986287,0.0141715399935721,0.0180338381151783,0.00595199380879074,0.00426644722407386,0.0092700049092457,0.00663908611435809,0.0104959221756644,0.00483958434449657,0.0162462795312342,0.00499112517170767,0.00995214260637598,0.00705293991548828,0.0123641359986561,0.00724629966072517,0.0123285536480058,0.0122658720800922,0.0107423774243035,0.00786785663679046,0.00543723185701659,0.0127049229671994,0.0138158227046994,0.00605126700749505,0.00849844366235038,0.0158500953571564,0.00747110457522917,0.0127278141013611,0.00634008162134001,0.0103225992748193,0.00986533844261099,0.00770817673154437,0.00550649803355019,0.00453439214887634,0.00985996547237026,0.00706777192010677,0.00677955757938747,0.00636281760084891,0.00481770742573033,0.0105314299608628,0.0186394963179872,0.0202853080764014,0.00583273557277305,0.0387086389881903,0.012359900287968,0.00903754139037547,0.00989621206065557,0.0104467880413883,0.0125839324644472,0.00640596760502317,0.00938068617182965,0.0074476396611551,0.00618932977099669,0.00970375691913258,0.00235756748121964,0.010149816115408,0.0131805169137362,0.0144773187457404,0.0194670599541252,0.00832025774064997,0.00789232947838092,0.00689273270214961,0.0031475847744461,0.0078125165982547,0.0048260222951307,0.00378737115497877,0.003679568894838,0.00665164780988838,0.00561040581696744,0.00328119324986624,0.00605329034402587,0.00737297744502665,0.00458685574389702,0.0059964238786704,0.00115372537088141,0.00667886782017655,0.00479742226305278,0.00287392805548966,0.0066429592430863,0.0152112680573633,0.00554041627618164,0.00463472966428467,0.00618730120220138,0.0106892626911056,0.0111292633523306,0.00622673584392532,0.00731543998528903,0.0141043667248745,0.00726323859307041,0.00397545318048731,0.00930385351406398,0.00838975116295737,0.0191858347970071,0.00924160141832947,0.00370425297778876,0.00935084449093946,0.0039973120646539,0.0101584725041421,0.00600303527976059,0.0104080430799181,0.00828175729553465,0.00338815253483001,0.00700315177623062,0.0140186862657583,0.012880365185452,0.00537231418197187,0.00578034695934657,0.0100572059995736,0.00774397448899661,0.00653529169823264,0.00752793478789734,0.0141381615486206,0.00721096115893449,0.0105960197580274,0.0255442763035462,0.00226475055682853,0.00782537804846334,0.00376337918914488,0.0123031053333162,0.0109095269039539,0.00972927346854385,0.00838036389036678,0.00442874410647774,0.00455686493960646,0.0057493584736026,0.00709972665124601,0.0042635479379061,0.00408523839798105,0.0140619553809164,0.0146969617748485,0.0171097461881428,0.0256518227531488,0.0136403455861314,0.00607825950199305,0.0176090243717331,0.0321616534259028,0.0216816486426874,0.00970881976271796,0.00750187450424916,0.00540444085512511,0.00437925249829925,0.0108543075533927,0.00982448490974993,0.0105320618195403,0.00621103761620044,0.0120238248523292,0.0124539601509424,0.0102255020644895,0.0130670921463637,0.0112959323257686,0.00629547130897164,0.00762318460620411,0.0182191485430986,0.0109552026407844,0.00778542859367261,0.0405165696272509,0.0330149979714165,0.0207625585409026,0.0125703916535951,0.00339687772360392,0.00997077739147573,0.00461599805293826,0.0026600692560721,0.00448333699742641,0.0131516400785029,0.00621430608930775,0.00473887005454795,0.0166680699134995,0.0149824746308886,0.00390984331698567,0.015542431948863,0.00335625802457118,0.00925961599896014,0.0072615500299336,0.016853021527801,0.0137294991630957,0.00553466494367448,0.0113590298574126,0.00879771703877491,0.0132875633690482,0.0038711190983573,0.00772240343571062,0.0101056775809845,0.00991998378613784,0.0122970362885259,0.00360517339269563,0.00632522279211384,0.0102632363636063,0.00637406405656865,0.0157017586922758,0.0162828574542319,0.0168534050456478,0.0182856725583752,0.00420001329039053,0.00490787797176229,0.0134364072364099,0.00385385601927587,0.00266739373566296,0.014275933957836,0.00832815427530638,0.00605405879673077,0.00780215559278719,0.0108691485238309,0.00577916224009023,0.00521806034993398,0.0118682732031927,0.00700146253205303,0.00493104198225097,0.00582703014147457,0.0101561762699774,0.00629900890273201,0.00365423245289161,0.00423324437627013,0.00863019420106466,0.00550797370165198,0.0075474126042141,0.00735949906162584,0.0226501901454721,0.00515504462390161,0.0125086794232797,0.00930210603524843,0.0215898474555373,0.0109129245363309,0.0129936743288029,0.0103809837980503,0.0179285493864531,0.0125400919133207,0.00567145705093497,0.0199504367763375,0.00923353572724839,0.00537153442303479,0.00506422327964714,0.0173110119147832,0.00456427644561782,0.0209963971376801,0.0301565992471701,0.00563584288233944,0.0230097996394943,0.00624241743230177,0.00735227502745387,0.0105696579621345,0.010228386826507,0.00872665847023731,0.0216639872587692,0.0158666091125682,0.0122723560596125,0.00888765319742072,0.00948772406975608,0.00644636449985712,0.0120303211140678,0.00957095301540006,0.00435060009698401,0.00974440865716773,0.00254642805063436,0.00780160266811808,0.0199343183929104,0.0248731988114335,0.00534673771336301,0.00682985229471798,0.00839399149867618,0.00806178874249647,0.0132899175140156,0.00684499096552804,0.0185569334766714,0.0242573072133718,0.0138400306180119,0.0137189844617914,0.0108757554602628,0.00853347668596571,0.0121890191250062,0.0100552908465442,0.0137501929185369,0.00455882971239792,0.00811591760079757,0.00191886360916727,0.00343457313101649,0.00606069356541208,0.0101099268257464,0.00386526536443828,0.00942154422790192,0.00428916275145852,0.00935112069006002,0.00536254399310713,0.0127497862466881,0.0173376399078714,0.00680054835049054,0.0176953238324013,0.0216581799692022,0.0340828270445824,0.00648995454379005,0.0132189609387949,0.0120341703278741,0.0149353099442724,0.00876943434894891,0.00927530652416203,0.00354984061408666,0.00842945772914157,0.00376399989929754,0.00706913124796893,0.0133772320364344,0.0202502542324329,0.00676626370694035,0.00513013881819335,0.00647070091100057,0.00464884048643895,0.00979091766170813,0.00776223062622805,0.00753618509036365,0.00367498040400024,0.009781692961517,0.0152965859269404,0.00972038179690625,0.0124454230979058,0.00686584430293628,0.00493302226240233,0.00906577803988504,0.00626883014526558,0.011980280360503,0.00963899081647781,0.00875015640517918,0.0162659124403641,0.00284302491777285,0.00691851571872335,0.00410692251203628,0.00415482323608742,0.0106004694562655,0.00723664956135426,0.00364934786268654,0.00482423087079461,0.00637216239588639,0.00834178159536419,0.00562853264106283,0.0353336601908543,0.00730110334185075,0.00602169087629906,0.0108830822269433,0.011922332152606,0.0119785972272359,0.00714037709919515,0.0101510248883351,0.00639340707799328,0.010681026848707,0.00439345088088163,0.00648878241757254,0.00877407736492817,0.00545345600916539,0.00967161289950919,0.0111215274925936,0.00871428972567403,0.0157516667680485,0.0170856875167714,0.0137712261165574,0.00901319905469198,0.00857193924329154,0.0097871457077317,0.0133576021943942,0.00374289219872063,0.00382524138193748,0.00356626311724993,0.0235121262184237,0.00991758353131946,0.00905127024982018,0.0214272397150501,0.0149446929848615,0.00187201595943013,0.00316419470894565,0.00606722737311471,0.00806254924611149,0.00513556550080855,0.00526297765557765,0.0117557319881119,0.00674185759893842,0.00212777140727118,0.0105358984952156,0.0050216756993914,0.00971259294582166,0.0134385881284124,0.00571036652709506,0.00369301927441377,0.00427474833402519,0.00606348791770343,0.0130393239380418,0.0226298473082432,0.011920854766047,0.00873452277050143,0.006017782219292,0.00601712691372538,0.0031024913963944,0.00969120599947095,0.0110980016738088,0.0102624546925184,0.00435148755004265,0.00476563839987776,0.00585256440479121,0.00351340793520111,0.0106193779180738,0.019533072014579,0.0127666741503236,0.00596632489414032,0.027359778008216,0.00686401410354124,0.00732215086596775,0.019153818473174,0.00448314022091099,0.0107069487630209,0.0298852805148523,0.00993867639067049,0.0159311746094793,0.014721960295049,0.00819422706260694,0.00648560741866163,0.0044684498371532,0.00517199925169493,0.00503939702720111,0.00268489565818519,0.00354342839286981,0.0121542431313887,0.00661100472381593,0.00379372232541205,0.00916026463889998,0.00908119915815375,0.00374066158645673,0.00901638958163673,0.00693888697717267,0.00251369223153238,0.0074732305899618,0.017409861977764,0.0236023846970486,0.0181639470304839,0.0151178506190005,0.00445668239686943,0.00709612200029084,0.0117848186976612,0.00859705546903256,0.00699321214936349,0.00942053156120526,0.00508749360923035,0.00431873255156503,0.0080385570435644,0.00126249939518464,0.00742405937453737,0.00229959471913451,0.00380195099175186,0.010116413704357,0.00519957916409763,0.00413501923886156,0.0119629550749339,0.0437921909708189,0.0199315190581399,0.00841779811044515,0.0065423930049605,0.00952551572111373,0.00867753632695486,0.00738903029339464,0.0091032716802291,0.0109653261208168,0.0159148481644904,0.00579728412667694,0.00382077054069304,0.0103773632456146,0.0077737486434441,0.0028188661476616,0.00190287343493571,0.0152956698965167,0.0177756314488216,0.00973356909915924,0.0116595539180092,0.00466504868337427,0.00460087181044224,0.00968800493368607,0.00554099821115519,0.00785049396442354,0.0308387075632349,0.00767167237359495,0.0135541828644184,0.00766324646079529,0.0213287438551317,0.00507064252243287,0.00700269841640511,0.022479252352686,0.00892509369706083,0.00559822560637017,0.00785436800036434,0.00390822914992147,0.0111802596751201,0.0191965880229642,0.0159083869298348,0.00832159556109089,0.0127300495471426,0.0122038315194031,0.00594606913159664,0.00586417220119767,0.00670781694514877,0.00833315263192978,0.00728179037213124,0.00631168578736963,0.0124182028441888,0.0101030764673885,0.0164873250021873,0.014429748622736,0.0156497350376975,0.00624441994159508,0.0107564498661408,0.00463700406771002,0.00276035444854587,0.0119343252083399,0.0140929658232417,0.00673359623709206,0.0155260875968111,0.0147041542596583,0.0134779546753072,0.0104720091046074,0.00325476202414463,0.0199980760886499,0.00350086958475491,0.00901174440318133,0.00980275080663678,0.00495829150187962,0.00723131758422874,0.00338880613549284,0.00838849862736417,0.0146913856867874,0.00605888644992264,0.00436522946083501,0.00439400367549686,0.0133302439316749,0.00811388487138326,0.00822764431172368,0.00860392565579963,0.0101890669754826,0.0163251096535954,0.00225375317444935,0.00887386489577541,0.00438535938434141,0.00594843300052765,0.0121491640735386,0.00557837610400456,0.0118861905445512,0.00687510959868176,0.00966191938537525,0.0154216635758065,0.0126480565872733,0.00664610993512647,0.00918620613295725,0.00882967050936232,0.011836996358257,0.0109112521361703,0.00856884908717566,0.00476865394027359,0.00618856975969038,0.00817862474947689,0.0176640909717231,0.0158743478341093,0.00584109300939586,0.0110906635094848,0.0145566843998704,0.0124279681284662,0.0159058445414458,0.00736858184803633,0.00939994327477415,0.0199773673138038,0.00557957276128666,0.00883829014123333,0.00624159150761429,0.0134811266389999,0.00431085491107573,0.00593340116819456,0.0107163435743047,0.00566214508584865,0.00741531153172779,0.0200313943294744,0.0164847353816201,0.00257353612945658,0.00690101075787053,0.00391610740706738,0.00789006653028516,0.0197756996284935,0.0061038421353856,0.00600553342719357,0.00645468412731635,0.00469086441489998,0.0285250974105655,0.0305778140196822,0.00945299759781828,0.0134786323145992,0.0097476688483748,0.00283124642246552,0.00808592292615564,0.0174334413018767,0.00588653916499252,0.00592362464834164,0.014493103624182,0.00575359689126768,0.0107298547951423,0.0132401855971302,0.00214304328746151,0.0129361319135622,0.000944388834043279,0.0128613068319558,0.0105732451396958,0.00851551864926758,0.00903741548360868,0.00735761638563554,0.00686315690801315,0.0167558106258067,0.00281631965917932,0.00624466423749069,0.00760709237625827,0.0137843430434726,0.00700013399424607,0.0035660232698019,0.010878164252173,0.00308111311400083,0.00814041730034387,0.0119801081637185,0.00746239160692756,0.00609108252620475,0.0103107062679095,0.00557581582242552,0.00946481144531414,0.00893400375794984,0.0196225890290479,0.0128375306206812,0.00883634122419251,0.0131963578510128,0.0179600042034085,0.0106782127359369,0.00138342880561522,0.0155165021124793,0.00358576258201173,0.0077429854384616,0.00867081570915684,0.00709993103898598,0.0133513363121838,0.00768791955232064,0.00490599783141386,0.009995819993984,0.0045776149968901,0.0115000879898166,0.00349147858747917,0.00546523158816309,0.0145074665701186,0.00985719251366563,0.0142513013973226,0.00932801505719274,0.0125017338548998,0.0128072290882839,0.0116895713285429,0.0168594821393115,0.00699242018736188,0.0124679106874359,0.0169784641802341,0.00666188889063483,0.00813650632222485,0.00934163221037354,0.0102174886879775,0.00893517156617955,0.00375725979970261,0.00482372325889189,0.00871912201551419,0.00907943815500408,0.0133240136918408,0.0116356845213168,0.0105862274127253,0.00875217236782372,0.00462652577562186,0.0114237035364343,0.0142307210924797,0.00511694983663994,0.00950418989545678,0.0157442780107319,0.0125310455735624,0.00738716270450479,0.0115986008876699,0.0166612765005582,0.0049381322052963,0.0201443980022522,0.0088846800028544,0.0129085626869269,0.0201118892628903,0.00987352836675596,0.0206757935386744,0.0372357101001245,0.0288271211519338,0.015534612519384,0.0105578693194841,0.0164864483268862,0.00602173485761655,0.00546442793442102,0.0183856394481186,0.00910582519284477,0.0116855299693942,0.00511241019777218,0.00511781928358077,0.00828580965068502,0.00810793305206751,0.00539660405425842,0.00738181288969766,0.00561405869404021,0.0148897716919211,0.0253631024603194,0.0109378268782194,0.0142378326944355,0.00804011586429234,0.00822854573265034,0.00277840776177731,0.0112882562420979,0.00999233323693756,0.00622986401414719,0.0177874771633819,0.0122752354975315,0.00933159885640607,0.0145129898504613,0.0121868145896775,0.00835698045803288,0.0203576911925642,0.00789271765493921,0.00492989744704018,0.0133131127878127,0.0106564120477078,0.0120873622946384,0.0171070052963006,0.00769442461103355,0.00655329037319014,0.0107059702433716,0.00969843496378092,0.00745853575396925,0.013672620477922,0.00788383038665739,0.0141494338229593,0.00778382816061707,0.005685385771112,0.0128709869350684,0.0182872450250703,0.00497880468662876,0.0136149203100343,0.00476153962477638,0.0189374410666815,0.00755309628935957,0.00335751855947973,0.00472133626356756,0.00314258540201577,0.00991573220883823,0.009541799420508,0.0062615605303446,0.00895678199236559,0.00869985282645214,0.00731542131232852,0.00678246977905742,0.0138287133961202,0.0060740937205264,0.0126472347416927,0.0303572864711534,0.0179145638990263,0.00811778402974683,0.0213203621383507,0.00980866592329358,0.00482662317285983,0.0104073043049975,0.0108836209167127,0.00617119949331709,0.0109449242997685,0.0167537197434376,0.0118500855871669,0.00790937858046233,0.0103296751484896,0.00295929507571163,0.0110438759975682,0.0242394386775984,0.00966859904364359,0.00985782886711121,0.0193895095550149,0.00886233846075059,0.00652436040939227,0.0241018335936822,0.00877326599561358,0.0197267328607236,0.00626010819440235,0.0130789950467234,0.00306493686923794,0.010134463965675,0.00513267708261792,0.00450774146216374,0.018880096492519,0.013077206992279,0.00714738500254245,0.00626430660972481,0.00954606456570239,0.00860878670481772,0.00594871781034643,0.00938368182102406,0.0119863717269899,0.0155561271690851,0.00543246366216119,0.00850319357428697,0.0100506285548656,0.0133606884904531,0.0114163758651405,0.00971626124002356,0.00642323693051838,0.007204519425415,0.00867925416971888,0.0114826835974395,0.00618904434386832,0.00775662289976653,0.0139458831267865,0.0136106280477684,0.0083431603543353,0.0107245897813025,0.017909615714379,0.0149972145007854,0.0132111504277838,0.0067106985935963,0.00534002407190235,0.00893633829282842,0.0111593902739565,0.0117971883166105,0.00779043440854221,0.0140325861682707,0.0211946802439109,0.012149678876967,0.00600852733742709,0.00747801945515064,0.00350866098150121,0.0130111924298645,0.0144370446632427,0.00554308712168137,0.0246927435850084,0.0128620212311484,0.0240371458771451,0.0062489891471013,0.00362769524670531,0.0172558250794636,0.00568412326449952,0.00594650536709338,0.0143532393558324,0.00882021420790461,0.00745563565014712,0.0173754940259836,0.0159867096952625,0.0151142042466488,0.0114534911169425,0.00900717218094155,0.00971671505837774,0.00381113795597861,0.00179958021411808,0.0114932358423549,0.00765410395643581,0.0118420552615014,0.00658167385797557,0.00976159102976979,0.00844871482102904,0.00808843093797729,0.00318418928456247,0.00838450249847445,0.00865848517086841,0.00412537466316337,0.0136535740039478,0.00556228146543373,0.0137298462627697,0.00749123304619855,0.00277065430603727,0.00520592215411803,0.00827945451520457,0.00592205575010788,0.0118661169869127,0.00855559378315346,0.00615109885686782,0.00876424295568299,0.00791609530988613,0.00372466809088194,0.00869340622234037,0.01474858710135,0.00914472320870071,0.0182679133253226,0.00473424969054246,0.00915158765671949,0.00728168418748794,0.0107525027809933,0.00623692453600183,0.0151454936110457,0.00462202471944839,0.0103607126213552,0.00937951069870098,0.0112789391559504,0.00506472761942765,0.00889671323473046,0.00899552905302921,0.00644942205173427,0.00505731049397708,0.00597831560954676,0.00552539042146584,0.0106141504756517,0.00742081374469008,0.0210863946552073,0.0108342369909319,0.0140041679577954,0.0168850441924708,0.00658521551584597,0.00961965531780673,0.00525531172853657,0.00597953364628701,0.00662479178735638,0.00851409311455696,0.00631013139811487,0.0130431511762215,0.00685652247929854,0.00259336128234489,0.0110840718787999,0.00788610569327375,0.0183095348628806,0.00692967745023939,0.00727871726130475,0.0191208101878179,0.00760684194648897,0.0129414260150447,0.0142576784909321,0.0263123742562728,0.00606413734814032,0.00802622911021332,0.00448666304679359,0.0179012389358808,0.0287907009309501,0.00895969273243223,0.0121440656523459,0.0160227330489743,0.00784240923177765,0.0050712342286761,0.00720175432039113,0.0127377920170514,0.00502093680732574,0.0215286252934243,0.0157209739626092,0.0235147502179837,0.0297473293859168,0.0566428867414236,0.0579153850527968,0.0701735755375186,0.0468002215244222,0.113437518514711,0.0582863041191876,0.0548025055276178,0.0329190570837505,0.0179300302550414,0.00832674293350705,0.00642029057982341,0.00901801931646721,0.0107144588854105,0.00802224130463046,0.0153276717820295,0.0080257104842504,0.0119431991572064,0.0128361243979959,0.00553875791586452,0.011821458648227,0.0076475127689846,0.0142865866655384,0.00805883787075866,0.0111320822821765,0.00370708830685205,0.00350885899775679,0.00363326419574132,0.0118747480087268,0.00680514135269807,0.00560719630755363,0.00456886952408544,0.0132016304005076,0.0103787396800123,0.00924705532884779,0.0108198083836902,0.0117720134682937,0.0289919205582015,0.00799707038152471,0.0130708238321601,0.0149049036750817,0.0106859078395417,0.00670511335963966,0.0111235824176702,0.00349504933943264,0.0184935961689932,0.00687635674202408,0.00555305912148045,0.00772130054409377,0.0102224021799509,0.0103776488709675,0.0107780241980378,0.0115429764853018,0.00813089296495647,0.00595910397942488,0.00751113628965711,0.00446355883796457,0.00763368519059791,0.0125565160234686,0.00782800057389245,0.0148835380980408,0.00699143900256027,0.00438947042197683,0.00690031773294534,0.00688018011038081,0.0123111314231409,0.0082755049221091,0.00835948686581993,0.0132499119210071,0.00909854647599617,0.00589273793943549,0.00796829364698724,0.0115743725719333,0.00427840625342054,0.00416189972648418,0.00850773455764416,0.0021155052151362,0.0203833693103696,0.029284048719793,0.00533152271936651,0.0143068520273776,0.00740883808466249,0.00338046150968585,0.0140892074383796,0.00465789227956727,0.00942984592494519,0.00607187327928801,0.00703337587315169,0.0247546031759855,0.005123335316519,0.0136387504011218,0.0221681984705406,0.0280585330564183,0.0387471509074132,0.0190762519165026,0.00869117368113287,0.0118306813911657,0.0094900979809811,0.00729879968906028,0.0165455630815719,0.00616168384198978,0.0116717009190963,0.00820674518258715,0.0126298727782536,0.00489200351358132,0.0151633062923295,0.0159943212570433,0.00724227895516377,0.00315282681165622,0.0062763937136639,0.0114062161176618,0.00602955789588141,0.0056105583199465,0.00788595545987976,0.00760679457690635,0.00721533311563218,0.00326687340188336,0.00818586957271407,0.0069385805128338,0.0175582067274103,0.0112381417291915,0.00430444125830972,0.0083192374275715,0.0100215898907945,0.00618469601619963,0.00262865345097657,0.0078820473481212,0.00732246681395856,0.0057406779489962,0.00827340046483551,0.00974418805808604,0.00368854652359307,0.0101273037221738,0.00708785780522819,0.00709074693141585,0.00433590611907525,0.00963418215001951,0.00469805552722256,0.0101199521142578,0.0129993108417222,0.00626492899212674,0.0152824154907711,0.0087399322035651,0.00383518333396538,0.00598190692637028,0.00811301253189562,0.00817833974785566,0.0100444523274653,0.0136781866517604,0.0052024943895756,0.0046941358536442,0.0054148695932912,0.0157536597241222,0.00421432588930258,0.0121659660327303,0.00505740637842269,0.0146956324275064,0.00549745816931999,0.00873814783794881,0.00474844012891055,0.00546553775488303,0.00805302472302746,0.00704013284656237,0.013317006881813,0.0113635200483456,0.00853500084342732,0.0283555992341302,0.0235150291159007,0.015181744829309,0.0169100014214446,0.0605813423736757,0.0158235950862515,0.0153103032068695,0.0113522624060288,0.0164891124911657,0.00342513683424454,0.0136401242300949,0.0376702075842404,0.0266362490900394,0.00969419085264902,0.00768221370023997,0.00570297260998994,0.0147413994551259,0.00734961214688477,0.00898822045573583,0.00819690258964995,0.00785385271620198,0.0113404359746913,0.00333247240781627,0.0138621728694153,0.0103887241561157,0.00337433115556057,0.00534926672852796,0.0162978687010698,0.00854421977760002,0.0140204777483219,0.00851882697416012,0.00727930669964894,0.00973425866945647,0.00632893979797268,0.028477176243339,0.0107812693787581,0.0114190161689606,0.00916505694643147,0.00898041388204246,0.0137431933991063,0.00487948024093151,0.0100491858537796,0.00831071796818977,0.00930917669203488,0.0050048313932479,0.00321361517091227,0.0105652031731462,0.0122952790161467,0.00708011695620064,0.00454096577169155,0.00787705858787974,0.00855908100943127,0.00846834147628607,0.0105876435581565,0.00793516092826021,0.0141886284857574,0.0101753270110187,0.00880449509486531,0.00618196388783663,0.00954811191214274,0.011310909043936,0.00679732307804737,0.00671653231444438,0.00566600452499229,0.0179152635637523,0.00174255897049921,0.00786300110459544,0.00388011614159361,0.0110824948992406,0.00166628502773212,0.0082154942887967,0.0118542126803295,0.0189422236492629,0.00399437072214813,0.0122511810900121,0.00767643851678866,0.0212312784145109,0.0085338885899782,0.00583161749007642,0.00979900412770644,0.00812510277941305,0.00589551253186112,0.00794133364103145,0.0143200584352019,0.0090439440321292,0.00691345446777159,0.0160692919414365,0.0121208481549286,0.00660623164006093,0.00584942751396467,0.0100003311228542,0.0227348016549004,0.00160231150291927,0.0245276727344951,0.00467119911764989,0.00708231184447942,0.00540750746937672,0.00766199106295194,0.014045264810088,0.0115692765129449,0.0106982589295647,0.00816036880526622,0.0271375641841232,0.0102345570787524,0.0125422445864771,0.0189817011649275,0.0169712479377032,0.0246030106498891,0.010814515594966,0.0346946863022991,0.0344866893528437,0.0379394776359078,0.0228612324877786,0.0134681524615706,0.00677589455869443,0.00728277464038107,0.0206548196579095,0.0129560946321282,0.00520864639540253,0.0203324050612312,0.00940587313364053,0.0073142249753424,0.0155206727599853,0.00637443414382372,0.0100694041151694,0.0134421497808095,0.0164424526469883,0.00543437661175491,0.00607420090458542,0.00924235312551804,0.00622004891724789,0.00602042116492849,0.0330996267094274,0.0109813532295313,0.0137987822643236,0.0064911033076566,0.00764081253439103,0.00624549421019573,0.00495562346427952,0.0087830727835577,0.009961066868703,0.0180937022974288,0.00558627338550183,0.00737247746620862,0.00670673069458712,0.00513015632118996,0.0161840872049665,0.0197482389723684,0.00923224885023028,0.00509702346796194,0.0070000200957962,0.0178561037909279,0.00578385912969139,0.00844723458816101,0.00595450709496311,0.00876273903049398,0.00653305672423741,0.0108433380732953,0.00878022218828382,0.0134288915807839,0.00735289571966902,0.0161408025710983,0.0105452566471133,0.0274360762299169,0.0123192355196598,0.00704727256899905,0.0102666929496374,0.0112793440347517,0.0100593274626872,0.00253128407383794,0.0122630749363175,0.00924406627701724,0.00924545844014167,0.00724689122538589,0.00549065797165023,0.00774973078050933,0.0112970882921261,0.00902616650654923,0.0125341984826335,0.0130212765545339,0.0103739178902999,0.016507205243626,0.00467883557254709,0.00477371652810007,0.00841729820352381,0.0274250308067391,0.0120994476821813,0.00948252312939374,0.00374281497012326,0.0109001335275934,0.00891061540018275,0.0228225985363008,0.0170853322854461,0.00708850468644997,0.0097067524513999,0.00773941834339068,0.0117422189088021,0.022035678777144,0.00393783566207018,0.0186911108281938,0.00861249080903418,0.0208711881158527,0.0104317927464951,0.0274424171993559,0.0194543103962106,0.00656813159042036,0.0127956402275414,0.0121001558752794,0.00715332004864672,0.0110606955133298,0.00405573885270527,0.00556155941372701,0.00362530501838534,0.00422532169732648,0.0173230842108825,0.0102087552958586,0.0057109967113167,0.00607364995670717,0.0181284493857409,0.0167534656520043,0.0260674110602723,0.0149564655706835,0.0242530053943809,0.00441643596377247,0.0236772237585553,0.0108952561732105,0.0186443309154722,0.0127977633602829,0.00522300427967887,0.00789873902725234,0.0230608390860874,0.00884722431745897,0.00740088279952056,0.0102159837257052,0.00801345902100385,0.00988939543407313,0.0172146091813852,0.0159441259534152,0.00429336147042064,0.00197700148674051,0.0154613453764953,0.00544154519127971,0.0220088359059175,0.00898045083247932,0.00504428431543036,0.00565045015394763,0.00847007445765926,0.0090992439036548,0.00503946613731968,0.00536931064316435,0.00589619184920748,0.00973897250108147,0.00432337196200379,0.0356889587773764,0.00439078500905591,0.00619064354894955,0.0076771412470353,0.00356801765690903,0.0193464313647513,0.00631340408932342,0.0100977661170282,0.00868872255983029,0.022687373807637,0.00420053021368783,0.00626879031360209,0.00772518277125746,0.00913683521849409,0.00791149464378034,0.00397005966981012,0.0279360491257102,0.00472271646552525,0.00263159459557092,0.00442017765659926,0.00978151204777948,0.0123484682687134,0.0191129755634517,0.01539195411277,0.0103581709707069,0.0199148344088766,0.00535801668290387,0.00775420984864642,0.00973108690865842,0.010596231714597,0.00124468926701752,0.00480062939804617,0.013759224294887,0.0115779790214576,0.0041148827878554,0.00444938139588547,0.015282705088503,0.00754969471659726,0.00509866933875088,0.00336828046399753,0.0129354333331416,0.00351603199819585,0.00203919487747778,0.00880669139983135,0.00901653889436362,0.00427759210240347,0.0039992947763721,0.0090982354049764,0.0131935544714665,0.0122114798799797,0.00786935960802104,0.00858250644130867,0.0131982667114582,0.00439086276894059,0.00905199059266119,0.00997432354461037,0.00919828858037613,0.0397412532170532,0.0408718434948889,0.00751045024136706,0.0120629097648252,0.00969189706444401,0.0100049851883612,0.00470929464707938,0.00515745602639693,0.0167339732587537,0.00677384499776198,0.0352088629698509,0.030145160022208,0.00823256898784169,0.00404614093637079,0.0161104350888126,0.00598424547998259,0.0175842274588153,0.0159649398716452,0.0177663071717264,0.00736337004378361,0.00835638748534751,0.0115429382137194,0.0135043325884822,0.0033530735758997,0.00748585986021272,0.00903985262185497,0.0237803242693179,0.00290673131545371,0.0086783256673359,0.00482169565813388,0.00882753526936536,0.00739139507768238,0.011063955132545,0.0140333903059884,0.00354486453848927,0.00527789975553981,0.014752082074478,0.010336967386223,0.0168113127782513,0.00917093896264698,0.00637895981771874,0.00506745118870466,0.00661634769888821,0.00997079170785233,0.0040800154822061,0.00784709748688671,0.00920948075677033,0.00577783953306989,0.00571744139841063,0.0101148262026945,0.0120028360012643,0.00726965032419273,0.00273129920346299,0.00872691314707173,0.00933586391658895,0.00964515089213782,0.0080348632955881,0.00571600410404719,0.00323014017739085,0.0128149939594174,0.00654823504911265,0.00800094827617348,0.00657166788205712,0.00556737546130428,0.0151403645490374,0.0062995609859684,0.00263798805083578,0.0077577451395877,0.00883346524797522,0.0137178906407585,0.00249221803705757,0.00683164708165003,0.00460010838958715,0.00670197063061501,0.00627317305899625,0.0105759885805194,0.00942814902210968,0.0053117493665086,0.0132706728187633,0.010505870638692,0.0200012149782624,0.00526945420428034,0.018308213692169,0.00841139977139754,0.00795426232119663,0.00571142676391604,0.018349169881753,0.0089717218962509,0.0107074478842611,0.0065674384027628,0.00800151009129163,0.0106280855604261,0.00568346461424285,0.00146391579824714,0.0155726956710921,0.0087433792051068,0.0091221156404145,0.00837857640795532,0.00820592946659941,0.00661383987904718,0.0104771698536751,0.00561210636569657,0.00627532972212512,0.00542430372205333,0.00442130024167562,0.0305406928238123,0.00868297877484771,0.0153919507110534,0.00657644370721653,0.0123420657855632,0.00973242074813983,0.00833389720439178,0.00813836627801382,0.026156213853806,0.00782110320925624,0.0155947263349804,0.00745281189534593,0.00927412572186524,0.0112543993313896,0.00785903992632251,0.0138220725572331,0.00206857121142314,0.0180102449036712,0.00797409003130815,0.00812734402981441,0.00876198317831404,0.012496583325503,0.00839090813949957,0.00415644219778448,0.00623347812926001,0.00679383388415715,0.00917796844165081,0.00561895827175209,0.00916522678172756,0.0086210275815131,0.00598539937387945,0.0114258844469984,0.0174172135059973,0.0155377921472994,0.00892270261173088,0.00851319399599519,0.0118596879470854,0.0133415960989601,0.0076127326496699,0.011043775933969,0.0289935857977405,0.00878189765825454,0.00632435469128478,0.0199769776187782,0.0182547897402908,0.00830604919076372,0.00620828131336149,0.0287240229216365,0.0243079726945279,0.0425912009778045,0.00735660907397369,0.00680401736923938,0.00915357779539949,0.00612216123253238,0.00755190960865365,0.00632702318180626,0.0153658925481588,0.0103102858075984,0.0204991520455302,0.0174061623683723,0.00706260703570076,0.00882819410000322,0.0283015497713359,0.00998443275943039,0.00630954066795357,0.00466657411047135,0.00519584303817415,0.00473489307183763,0.0137855321399152,0.0142877016376765,0.00901509890044344,0.0201647637658762,0.00974286228990547,0.0100723785107057,0.00860564409581578,0.00998778459279516,0.00766738024322452,0.0121197432595977,0.0105115521470268,0.00744751910915218,0.0143592224955241,0.0102561246842156,0.00428319610219176,0.0059593295843019,0.0108641999681333,0.00402668402571293,0.0306505191146189,0.0222450315993952,0.00620850943829091,0.0112642890660262,0.00362854147093407,0.00240144758590743,0.00630065922340154,0.00608069283293583,0.0240272399546394,0.0170184339742703,0.00427331652899143,0.0203378580789355,0.00810374879602928,0.0134761249290845,0.00478883959095847,0.00958955338895334,0.00659551769827292,0.0117637293908791,0.00994448933702445,0.0207446074036543,0.0118302255760968,0.00981345042548631,0.0150193494238801,0.007623820896999,0.0118188311807932,0.0122220766664255,0.00436845847207773,0.00589356778307454,0.0140816702452451,0.00717875252446476,0.01021457280849,0.00958299189324175,0.00631102705326745,0.01582825601134,0.00617279259300598,0.00969349954536238,0.0134952469252211,0.012494188673283,0.00946032500846256,0.00735303546623696,0.0102141347084053,0.0199483253178538,0.0310780858068799,0.0378942939438225,0.0226099345967436,0.0146903149166692,0.00768855167107296,0.00980448212916897,0.01817180026884,0.0066652318498957,0.00953629497550423,0.0149210008644928,0.00336807479016819,0.0136098940206443,0.00426762011598334,0.00673420924618963,0.00625911265608451,0.0110416123808014,0.00891547171908413,0.00869025960383198,0.00588853949543718,0.00169889405886331,0.010551265084317,0.00710692733522787,0.00845424306854757,0.0105666416199299,0.0082499868850748,0.00562392496920513,0.00939675650251356,0.00566642027883583,0.00663258503334154,0.00443176626446662,0.0313633259278847,0.010312273800327,0.0058694502465747,0.0123699590741891,0.0116970893230422,0.0157995798877009,0.00896411254674893,0.00480547709793992,0.00599301622616988,0.00723478585014777,0.00889398416699068,0.0127857860623252,0.0104595945139206,0.0266295958334372,0.00125426962735764,0.0151849985005108,0.0136719502929559,0.0142837510833233,0.00264974062952167,0.0128991761862582,0.00932395342996811,0.00888456554841349,0.00620100562599292,0.0126778483364857,0.00968788409355724,0.00791224603738929,0.00499249149747309,0.00817554431816155,0.0126633181246433,0.00473374187973015,0.00497225881553554,0.00537091556931803,0.00949504023003032,0.00926258704678928,0.0180084254454655,0.00628827948011364,0.00998190761663871,0.00814976818978765,0.0135686950841282,0.0150645764688565,0.00339134540572853,0.00895382427466081,0.0120183301170634,0.00380296323663754,0.00911743310737987,0.00230040534960631,0.00586221034655119,0.0161345533673637,0.0144368053177837,0.00646648155421214,0.0117266126501779,0.0104599060710549,0.00818920129213989,0.0136686128286472,0.00599687310518071,0.00616960553389708,0.0104241244520386,0.0044155426867773,0.0052892796830345,0.00358635624078159,0.00675236549802403,0.0151573280744088,0.00663603975855665,0.00720838280665685,0.00635204952777061,0.00692570601941691,0.0134095072683387,0.0163023333708274,0.00806381334364751,0.00404511619131061,0.0176285820724758,0.00673594424718502,0.00509345898935084,0.00392982235884261,0.0119475221509107,0.00681952494071381,0.00375518832319973,0.00921228750056639,0.0159141766433144,0.011811519399785,0.00739057032005543,0.0132953900657567,0.0133522773838891,0.0134943205751991,0.0127530011889555,0.0198455785410647,0.00618781694991544,0.00213094479674016,0.0125737604141592,0.00792175182268771,0.0107925295291785,0.00398623423487628,0.0188408358916077,0.00749818637941195,0.00375205799801209,0.0058581944374226,0.00245676692744035,0.0123826327518742,0.0133765809116867,0.0145340350034714,0.0133528375267595,0.0168114423127371,0.00784905496299939,0.00732181579935546,0.00766499937368603,0.0148927196037855,0.0165852293288065,0.0147004827034913,0.00852900171627278,0.00542521485974804,0.0101292622779827,0.017136098014159,0.00672702526560853,0.0134149106535918,0.00783865406080201,0.0216535755492434,0.00631719297095684,0.00670124459031653,0.00565882004130502,0.00586166145429864,0.0132791799515009,0.0097672619980605,0.030836436682022,0.0254236469014708,0.00744062998427793,0.0260019009716776,0.0186663426490181,0.0247347885275505,0.0101643918697428,0.00785961512232834,0.00619057180177303,0.0181127967140129,0.00783614024620109,0.00768850425299393,0.0344422934136012,0.0171204036184678,0.00799611185585586,0.0151491246665468,0.0117713700266653,0.00945191063322283,0.00824096043160873,0.00530891946835621,0.00497727417631287,0.0219621847275063,0.0124132393965696,0.00499990162973178,0.00514164541968156,0.014005245409491,0.00858377958226814,0.00408636390837578,0.00309111777013956,0.0139821072619302,0.00442633692095808,0.00656368137752058,0.00598974680465745,0.00648312170890921,0.00587157951251336,0.00654687668382685,0.00713536801492728,0.0165306117082033,0.0127557416687457,0.00736051903690699,0.0104701334250112,0.00628586636842741,0.00529888239362636,0.0113058862341992,0.00611890246963452,0.0135700093444266,0.0128676829430491,0.00848020296062787,0.00665163845471981,0.00458847134847597,0.0221598487332342,0.0187058290253197,0.0100467306887994,0.0053688844844695,0.00915954304832313,0.00664985107045165,0.00451609948281293,0.00857905843035587,0.00264731270520789,0.00927620270533641,0.0138827045853405,0.00962241483478365,0.00363167934622445,0.00933867261447648,0.00566341267549211,0.00727132922500286,0.00227950828359073,0.00532952257538192,0.0103824082552021,0.0122858270059717,0.0114530894489707,0.0107187050263606,0.00951370079856369,0.00592438019389004,0.00700267796115247,0.00488351731020348,0.0223307216884435,0.0176902538493791,0.00670092666164207,0.00712576426249117,0.00637798109641111,0.00657954922209201,0.0145296840465871,0.0234525787328569,0.0130114845355928,0.0260648846900952,0.00470264921267325,0.00668191209741272,0.00488183159423705,0.0102000330289917,0.00503712136846618,0.0153066742957682,0.00733512859868711,0.0122891541561053,0.0151527150993383,0.0302597789218077,0.0124878136261502,0.00928298627838455,0.0323855318256381,0.00925085437033039,0.00422396694093128,0.00991759850358183,0.00950249962122457,0.00462036318704508,0.0103568126717893,0.00686734148736612,0.00845774609290062,0.00221279909148342,0.010967282557778,0.00882998371357511,0.0074033836417852,0.0433948739670836,0.0210546968041625,0.0180947762494652,0.0378880514065903,0.0556489584725711,0.0531163758941005,0.024529905835042,0.0108447761598698,0.0127100474501748,0.013694130205209,0.0121727004311175,0.0058896915765914,0.0242290957270392,0.0106671188146159,0.0104832162899181,0.0110171754478854,0.00945550241743357,0.0209839705900021,0.00525579874251871,0.00485657360806154,0.00948456075371101,0.011931240043345,0.00966671752423459,0.0170552637880026,0.00824309859151101,0.00939989785998554,0.0092883620178925,0.00703037522719383,0.0140581837653904,0.00862863356908208,0.0055595749929262,0.0227526717891026,0.0105654973333013,0.00745997655429346,0.00711112422937562,0.00678223985804122,0.00705834414155541,0.0161937338551904,0.0121262835000725,0.00838960094092014,0.00548148817652459,0.0223353344020946,0.00798933479277345,0.0113045161051734,0.00463817596840007,0.0165092193204908,0.00628264939410078,0.00973535133615927,0.0130529950087431,0.0140083745174354,0.00953824129346437,0.0039875982904247,0.0110357943486155,0.0116227405964506,0.00971196120930877,0.00126785275046263,0.0127973344241944,0.0109232043042231,0.0107311226571741,0.00496741960630657,0.0114617721639113,0.0135309162042172,0.0129878082769771,0.00466056763241673,0.014533414175828,0.00236005939138114,0.00925147492563287,0.0102140626419063,0.00345456470563271,0.0137026133932029,0.0113756338506589,0.0081724165168119,0.00578071624799133,0.0196487288462229,0.0105873512981008,0.00937045872782074,0.00383332201810218,0.0138910985898055,0.00833065011174959,0.0167212041654859,0.0071131970614936,0.00433184414604841,0.0116368605644807,0.00994600658721271,0.0123948398254801,0.0131068140717902,0.00568219350190743,0.00821977011547929,0.0100165080497883,0.00773161577483733,0.0107197653664947,0.0112972046442342,0.00868540910772892,0.00761097029684928,0.00905894797265115,0.0151518056056606,0.0147122771797452,0.00849755189662647,0.00801719461600686,0.0361237427888236,0.00441603345702065,0.0141700437062368,0.00853729697718678,0.00749142628078268,0.0128965532838815,0.023803808591635,0.0556160617355785,0.00569529341630302,0.00947383910940564,0.00889332556702662,0.00859934099798417,0.0043908997384655,0.0101686615453327,0.0167105083314968,0.0100375469861759,0.0105119175707399,0.0204490675642053,0.00937867729304209,0.0138626731832869,0.00816288435253504,0.0060350673241984,0.0145551367053721,0.0069566402864593,0.00706123463810491,0.00861644587557131,0.00522644507578398,0.0143191637729324,0.00780711008327763,0.0123890487818349,0.0073943489929349,0.0124084554740339,0.00658265306520389,0.00588672871388742,0.00952518505486853,0.00560680151253564,0.0040805901894763,0.00369882678768248,0.00489549868341771,0.00483383185386071,0.0108497742517473,0.00938666766330935,0.00287744608065338,0.00556226167050922,0.00609341317360949,0.00767354546071702,0.00507366943143813,0.00741823711912049,0.00539359537105309,0.0137208340899628,0.0104713093099044,0.00931804840174118,0.00472432122115455,0.0163599899137724,0.00699305386927322,0.00298334172515347,0.0117748528141821,0.0142803154956587,0.00459631757170873,0.0228601739886213,0.0139622258541954,0.0223662730521593,0.00736127663983369,0.00457864403947772,0.0130608509381361,0.00575364582149995,0.010163908437927,0.00680628888712083,0.0135443338771518,0.00706320917414812,0.00395490349620063,0.003452922413776,0.00418125084432878,0.00349988915826033,0.0025086217150793,0.00672017927207695,0.0150613366431344,0.00990807258785868,0.00403798420213501,0.00858596091031388,0.0106351514894968,0.00523154516048352,0.0110640303276994,0.00423064316533089,0.00300070078539716,0.00329298616059252,0.0100492410069208,0.00970449904939706,0.0127333926551625,0.00781022698003492,0.0103683602921461,0.0188243428449578,0.00747689887610794,0.0166857591332271,0.00488086816198868,0.0105932084413382,0.0079357544273514,0.0127260207252454,0.00871907663552129,0.00667563899162739,0.0171045960505883,0.0155324267177331,0.00764741239419527,0.00582705162278739,0.00678686384978955,0.00255421728849198,0.00465879684424577,0.00808869520736275,0.0177196355032086,0.0144213851917585,0.0107005400809611,0.00344293757816229,0.0114978483593218,0.00184782424591366,0.00465636765892082,0.00942410745325356,0.0122891445412219,0.0178474514446977,0.00823056363967787,0.0122623621412932,0.00475025820449685,0.00530224095019616,0.00344613930487723,0.00385581372649609,0.00429713122479377,0.00361555038094487,0.00705742682898053,0.00806127585027135,0.00657788872200473,0.00892132959324143,0.00766880379125042,0.004787949070353,0.0138167346338837,0.00756384361535776,0.013381275218103,0.0109594433573299,0.00980667247366233,0.00957863387621819,0.00489076053504967,0.0165584217138135,0.0111806945122935,0.00973780434450268,0.0130331501052053,0.013452569051086,0.00472621856078389,0.0102577147383921,0.0093736974610751,0.0126157590893307,0.00626835013023314,0.00591465020099221,0.0111664463335689,0.0179625563230322,0.0113605708281369,0.00277224330636786,0.0148045578566235,0.0158589381016945,0.0109062325025067,0.00731979716688042,0.0123211769395754,0.00900241343280852,0.011378626678738,0.0108477589510139,0.00829754423810477,0.0042145566578155,0.00387574336050208,0.00613440144719677,0.00994886775877679,0.00715494562608541,0.00324198035908761,0.00587766675558993,0.00357242520636832,0.00802877469669992,0.00804403849571126,0.0110926721856897,0.00486180389018489,0.00439768716506397,0.0182678928736236,0.0137496350883289,0.0126587212464705,0.00926051549726718,0.00988746578041864,0.00396525697536113,0.00547175270441867,0.00693980918259511,0.00796418078961451,0.024077945097411,0.056819704345746,0.0333678822208233,0.0169457283245821,0.00987449365899867,0.00276499044491454,0.0135838980068755,0.00495051146296518,0.00537921042011193,0.00799034197418132,0.00521109526095117,0.00933283962873886,0.0162582850852658,0.0192011461856301,0.00636266168388797,0.00451885721573838,0.00403645557029899,0.0142382985601604,0.0148968063222547,0.014974716635139,0.00812429676417822,0.0110441016792252,0.0137428610218363,0.0198895156814993,0.00225737901354454,0.00425136336378135,0.0137120289902978,0.00351597200948833,0.0118594025094245,0.0102848322160585,0.0106513928211464,0.0111727345674789,0.00480375548087023,0.0103173791332528,0.0208869408505516,0.00465997918641353,0.0142876460036989,0.00218457112515576,0.00483363402961936,0.0100359922535603,0.00357782233838844,0.0144200173594694,0.0102615989600195,0.0173677740940226,0.00940028981718231,0.00310826765226594,0.00684470464066404,0.00827131517436991,0.00948996691586719,0.0190857098425809,0.00676952863268769,0.0110107479326254,0.0136978500174056,0.012633165935599,0.0189471132361959,0.00776063681728454,0.0130652950349819,0.00595154416937323,0.00898661240124776,0.00837857618855431,0.00946131818340666,0.0072512753024371,0.00988032841444029,0.00487527233852005,0.0061397127085626,0.0105554415390083,0.00434761836336545,0.00698950565081933,0.0137398019667225,0.0257448238265357,0.0137093887584875,0.0239892460144993,0.00620119284650739,0.0137897372342321,0.00826810388143114,0.00710349551066917,0.0143267310152035,0.0632921137422281,0.0105928621606373,0.0144343669207939,0.0107500471911535,0.00910493447855559,0.0162615696198606,0.00796233551837067,0.00963085571380828,0.00730363396922362,0.0156881020196993,0.00699739907024442,0.0122512592773209,0.00571341600184242,0.00374387480672975,0.0163761267396352,0.0103430972848499,0.00589827810537759,0.00976463149477358,0.0141181194654244,0.0081858546920104,0.00660064669350247,0.00536099566820257,0.00812455698285928,0.0188591328082596,0.0119622093357501,0.00685449081142124,0.00559227146750757,0.00535394852294424,0.00532445737124178,0.00577706830577457,0.00680778341367446,0.00839695089173261,0.00820972918688423,0.011854069434532,0.00730325375402794,0.00427456948084461,0.00899381092420922,0.0100161784507303,0.0131911037164298,0.00464831160461759,0.0224149836681728,0.00877326810249266,0.0149841348056994,0.041481951845143,0.00373315347264532,0.0045140141101343,0.00731780545486679,0.00201194425265901,0.00799772284464584,0.0106770945197032,0.0118393728305322,0.00497283895949643,0.00439721038768653,0.0190588260037535,0.00454821046031597,0.0154734263411643,0.00994741164943105,0.0116816081825816,0.00958226517228265,0.00827296000700639,0.019861550305518,0.0156958510080567,0.00729038067445351,0.00724991869055306,0.00637385439160289,0.00451087703404078,0.00668813446991871,0.00563956202751953,0.00531660499686054,0.00388964108087986,0.00757200056081929,0.0072436747459366,0.00573733820588773,0.00969860008913875,0.00590581728957396,0.00507041828018995,0.00531389523299145,0.0066379454545071,0.010977581152472,0.00837308360216852,0.00402135286638096,0.0146530241726761,0.0150557750738754,0.00512368154578544,0.010921061653051,0.0109493440275237,0.00242569334509686,0.00771254955548654,0.00860049869836982,0.00470436159723616,0.00749834903866967,0.0173141917173598,0.00679790477590279,0.00578466327388459,0.0141020171198395,0.0117434300934631,0.00987794692473058,0.0116338531314898,0.00485398098551056,0.00372186659039357,0.00590021760411204,0.00412059385501516,0.0137223490781982,0.00548917089877334,0.00861137603118682,0.00754391377331309,0.00384562298592365,0.00462176020088515,0.0134866220017292,0.00780609147727777,0.00579482806794707,0.00910556408039226,0.0202832361267061,0.0127226049679731,0.00688678296545129,0.00293231031266348,0.00342683603814936,0.00572810432682976,0.00767960272779456,0.00507039567567263,0.0061773372589512,0.00432204744551889,0.00678035498060246,0.0113861955302787,0.0118504908250751,0.0068172084413141,0.0133399303188129,0.0113879098949229,0.00295770685689854,0.00519032571886237,0.0221416521486046,0.0115305702657399,0.0119457256106477,0.0156749569702644,0.00524286665940388,0.0262093673531024,0.00951504347685278,0.0050929196862699,0.0128959964539348,0.00788960375519058,0.00638543483627676,0.0113646156117461,0.0143735446616824,0.00728496564270226,0.00857049930647017,0.0155872290831691,0.0129271605226354,0.00917485332505597,0.00587763648511513,0.00539370289485897,0.00295772803509325,0.0118153448418077,0.00468625447128059,0.00776949023331286,0.00174484518730568,0.0118192694244015,0.00792279994030944,0.00407269298777226,0.00948550281211861,0.00603625800294697,0.0170476192739228,0.00586481204101724,0.00831961774934984,0.00684874071721497,0.0104669707624635,0.00692779825847835,0.00689465820675126,0.0104260686306119,0.0058525168313268,0.00759583805187656,0.0101606602361164,0.0100797854339663,0.0219915743783197,0.00409631588409559,0.0113107495288301,0.0138260978611316,0.0154165019235995,0.0052085979404766,0.00589568216390953,0.00812549074256817,0.0105626961217174,0.0103154901185771,0.00936462140432837,0.00687601836312307,0.00535854037463113,0.00800965790131771,0.00576171028206487,0.00667214074760112,0.00834601595426902,0.0139941963341261,0.00395975951473802,0.00732120825082927,0.0166099042115251,0.00943599188751034,0.0182501978727532,0.00631473448926708,0.00565997911763425,0.0111773225637407,0.00978183615203935,0.00933673578725697,0.00150462779046682,0.0119296658455189,0.00521476483262528,0.0102285861120554,0.00674774844016587,0.00328963767321155,0.00523219455501176,0.00878174187765148,0.00644813943106023,0.0173870432423491,0.00558443118816326,0.0152971691025175,0.0125526640015614,0.0113305981786339,0.00689635988077821,0.0304369846320484,0.0285042626081882,0.0309443852036192,0.0124743295479642,0.00709724149735817,0.0244139594360048,0.0105564923073348,0.00782919926846907,0.0145573199364412,0.00698078765922944,0.00507762393369206,0.00295537580769674,0.00365186137766486,0.00791302062853129,0.00734033192478965,0.00383968882126097,0.0291407966040827,0.00478016486556521,0.0148454040147362,0.00759144241062665,0.0031156428951795,0.0157020151431365,0.00777907140134448,0.00587395360157876,0.00914980739524955,0.00670977706314444,0.0102577426978376,0.012540989917074,0.0134486075185885,0.0148104472811881,0.00437098365863847,0.00847464320258299,0.00114186834615757,0.00829339818347517,0.0114772617376626,0.00951661475592258,0.0115085870554217,0.0105530644015557,0.0057802497802979,0.00644710653227676,0.00759927830459867,0.011581827150241,0.00652326087592592,0.0140032670784883,0.00323217063358788,0.00568599078709442,0.0109604575887129,0.021703877573983,0.0108508491340836,0.00246572342038409,0.0102069835622899,0.0191680748114151,0.0075449921809731,0.00616546385880314,0.00436305086710516,0.0127584731321551,0.00980798843718683,0.00722359896900508,0.015843558466508,0.00629277568287536,0.0175138191057571,0.010360168396222,0.00478963284917553,0.00693939766202265,0.0124245642364048,0.0101799224176484,0.00446475697806838,0.00672669409154836,0.00720407296250401,0.00605567840383768,0.00657065442473135,0.00422488251354075,0.00480104166495313,0.00534521150377483,0.00891997482095882,0.00457480614766407,0.0111607063353989,0.0207708222525464,0.0161249058022837,0.0124076986035746,0.0131357077628888,0.018027612961751,0.0077400762610819,0.00885323587705478,0.0094964333991017,0.00858717376974124,0.00554034692425718,0.0112662775513194,0.0128927432471563,0.00398796937670644,0.00766708493405449,0.00702001096934083,0.00279230710526431,0.011981351990498,0.0140329491162457,0.00340261138968823,0.00493319921663774,0.00738903574410338,0.0168084503791618,0.00613967028438158,0.0120087909356416,0.0126167145905667,0.00515222168529807,0.00946147656887727,0.0114177381625202,0.0106821621433783,0.0164108106040107,0.00943192596425646,0.010736496705712,0.0225707696301265,0.0057767060764821,0.00692926538588997,0.0100478192601871,0.0077291460761148,0.0231225690583241,0.00641908452513418,0.00550519783349094,0.00719594274996073,0.0195555525801399,0.0105435970007951,0.0088998011002992,0.0104951230330735,0.00813413734887599,0.0120328570915655,0.0135961792312678,0.0102671516631102,0.00565603714740383,0.0178677192366717,0.0092353558087541,0.0133290674332952,0.0109275943522801,0.00968568512460124,0.00597861064312886,0.00749546697174484,0.00888623449476045,0.0258594762566273,0.00794257737564471,0.00473213524314686,0.00687296174661391,0.00595080798501731,0.00711860668558643,0.0077533280337165,0.00704852888954371,0.00694630743530929,0.00572594533644753,0.00665371657082039,0.00594116735250505,0.00848385500283742,0.00611821726239194,0.00731893358305841,0.0158184754652595,0.0126214538143389,0.0171433191287018,0.00637021730410953,0.00732903267090838,0.00313977049986588,0.00915884151778162,0.0118687359079509,0.00518368619674076,0.0139703239998966,0.00439656892078301,0.00549085903171851,0.0092645811880257,0.0110385614870729,0.00537453181309725,0.0301368849636929,0.0110091131170642,0.00509455070160231,0.0142962662023907,0.0135493548081606,0.0145064747005322,0.00403937357239387,0.0104331780620949,0.0153396857452402,0.0048246393629963,0.0186520049713255,0.00702165386436872,0.00978017370773102,0.00692593640695223,0.0145314313840772,0.00885116383476127,0.00589117207895684,0.00523834384301897,0.0147817483910389,0.00720205534266623,0.00966436400612854,0.00619644216957869,0.0175592453818413,0.00302462525671994,0.00783468369813473,0.00835742708653451,0.00725491764733673,0.00729925759307981,0.0100104698117301,0.00762699028227987,0.011895608834426,0.0122556748651727,0.00902884811117316,0.0140644439281697,0.0207731335170913,0.00239179636812004,0.00472003593188627,0.0129802046451162,0.00892775145438494,0.00515820629703014,0.0127460351519087,0.0084209989496371,0.0320439757522957,0.0304616645681058,0.0204648307272412,0.0132059696611085,0.00931652025742674,0.00776331850453218,0.00253655131522394,0.00640329107992764,0.0113493956912884,0.00997355391284558,0.0178616715716701,0.0053192437900168,0.0135267827864151,0.0101474212199757,0.00639569461959831,0.00736127955501546,0.0424183205758973,0.00345933540326317,0.00722437232515838,0.00828771537998444,0.0135738234474421,0.00976339585672759,0.0110612288061497,0.00440176240427041,0.00996736273992516,0.0124537098607966,0.0178473849679714,0.0216636636199381,0.0119370731322034,0.0112303968475506,0.014674157227198,0.00729875440596238,0.010339122055939,0.0156406169642805,0.00878200278400507,0.0170325692140544,0.0190785319612266,0.0110012754839303,0.0162049026933631,0.00594386923870958,0.00652239010474663,0.002255244965383,0.00896479198422788,0.0091240085646153,0.0138502821406369,0.00692584517861331,0.00764546592612088,0.0168758849577996,0.00550983565883667,0.00593584940643577,0.00760729768089387,0.0148453091721036,0.00972363650586459,0.0103428141850974,0.0148302874696382,0.0131748300493523,0.0245069420127781,0.00329885193642132,0.00892767028068462,0.00759858243675186,0.0149526023713804,0.0216611584021717,0.0124145901354475,0.00876024777202413,0.00720990165695988,0.00149792866189974,0.0213728049495347,0.00896653164919905,0.0156536216110639,0.0184351151857965,0.0230414086175026,0.0134963308931384,0.00560742731477711,0.00930909679040165,0.00937275842745644,0.0239989182646354,0.0055814741412162,0.011600579287416,0.0150202905126256,0.00735100768717815,0.00765550028648987,0.00672869954503887,0.00365396386592115,0.015631368760952,0.00674530317021364,0.00973933743628064,0.0185231931938731,0.0340166723010285,0.0222996079590348,0.0243618340818831,0.0120629480158769,0.0141143286228939,0.00882376113026488,0.0147994489131389,0.00363888364708831,0.00397070855143407,0.0236748210671787,0.010247928587279,0.0105756591660305,0.00739613167458821,0.0113394757788297,0.0117329645574885,0.0146376731496678,0.0032700545873783,0.0155097940726641,0.00593459402663197,0.00667607033068642,0.0235204575782328,0.0136430021560299,0.00802211261577325,0.00751701061802399,0.00711115268342246,0.0142814835655344,0.0133193485464958,0.00957609442447954,0.0157470198659143,0.00832842371258215,0.00882226093015076,0.0116062366815565,0.000900186915754849,0.00430362740876326,0.0137960602206118,0.0124439726549027,0.00740576423544994,0.0412476617441965,0.00607247478647889,0.00505794986437554,0.0048974990313258,0.0113973735015485,0.00522334062325373,0.0032947736153968,0.0123262135832965,0.0134551562243495,0.0147096517488379,0.0118121838252073,0.00734935877518045,0.0113469760783909,0.0222995394481048,0.0119821439254158,0.0173932555163534,0.00732057548287307,0.00462190815335117,0.00985207524852435,0.0109663673728899,0.0111474879927484,0.0116716186246307,0.0114822813456812,0.00845118254699536,0.00655907732132334,0.0175707964897487,0.00557760349688817,0.00504895177259644,0.00489165760370721,0.00764156751282258,0.00450297242110942,0.00910177021411013,0.00846972719654961,0.00330130221001227,0.00358854659554821,0.011641661961188,0.0108227564066167,0.0159284346623698,0.0100843756253201,0.0121719417675441,0.0110459059848847,0.042708785003561,0.0347374803481777,0.0503337975753313,0.0226514688895343,0.024006127871643,0.0138601571374808,0.00688154419327799,0.00671300843224663,0.0061007925902525,0.00647320615034726,0.00485561734081832,0.00981482554493594,0.0119380230848412,0.00265881029798154,0.0103109420598182,0.00381873096358615,0.00188464175872975,0.0074737553253306,0.0136043352711512,0.00941311351011013,0.00934626328124042,0.0128112739695436,0.0098736860273735,0.00560452093253503,0.00856592331504223,0.008777241623227,0.0125459313181847,0.00308150498380947,0.0100683879771119,0.0203370216465414,0.0122293453996105,0.0277025551107895,0.0147200986166575,0.00699801511547123,0.0118605937035194,0.00766244342906597,0.012588291488662,0.0123204320091612,0.0122785942199908,0.0080775012850123,0.00987280222455245,0.00608837452320358,0.0130011451614197,0.00359155884943106,0.0360217520218401,0.0130508016519811,0.017532732636852,0.00560958086686347,0.00927023274224842,0.00512314401385844,0.00633384900419202,0.00390587016584052,0.00789178151291288,0.0142288854708985,0.00936948998702537,0.0139332091816445,0.0171080212023429,0.030933372317894,0.0185385693883817,0.00858527738797118,0.00490704043827842,0.010014335342515,0.00969687724384636,0.0116173405900231,0.0121660727337635,0.00526612574783543,0.0037562253575254,0.00616641211047506,0.00372266427817895,0.0106576329786427,0.010385909102023,0.0129080129455559,0.0100259906083504,0.00634546568615404,0.00936657539819815,0.0118407805253275,0.00824316368054051,0.012314264231901,0.0132656071114303,0.0182990838093221,0.00678395117396274,0.00781006598969706,0.00553458104175675,0.00568896259291907,0.00889934017234663,0.00548832929879391,0.0105919030757187,0.00915611539785238,0.0127015418643869,0.0136343829114262,0.0177175296329607,0.0134634336578993,0.0081708890737543,0.00599054690168758,0.00849787003487633,0.0154608451751724,0.00621243388554227,0.0082884645223707,0.0110492466281903,0.0125605786105354,0.0154761260772283,0.00586921501557123,0.00352471456674847,0.00575619943975403,0.00481115963371598,0.00464643212707727,0.00646877257331376,0.00653874736197156,0.0174758525077131,0.00943137999610729,0.00371469997307309,0.00631815771289409,0.00410730705530638,0.0102632828270679,0.0146387248873845,0.0115879982479233,0.00411350013528415,0.0132951069276187,0.0101376908282314,0.00703534508082473,0.0100453799060262,0.00296286071312143,0.00333370057508633,0.00748451768507306,0.00906882759139292,0.00710833967975438,0.0141223926874061,0.0125134952044194,0.0111690160864147,0.0330722058177544,0.0239877747696633,0.0123962355007286,0.00397281108954837,0.00819652100060781,0.00692020285025493,0.0244898161513209,0.00661009099571419,0.0213883144655199,0.00638250851957164,0.00408081264320746,0.00873447550633953,0.00527794678145183,0.013659486735529,0.0053207104544778,0.00751213507753168,0.0111218338196601,0.0111087266822436,0.00797210074604915,0.00528530463809089,0.00704798461715789,0.00666541158912184,0.00997557209384027,0.00342572486922612,0.0138954283456031,0.00973416151105539,0.00634948141361448,0.00509768484152517,0.0154009047565914,0.006412213838553,0.00906998443278911,0.00413168498685007,0.00306908801330822,0.00647889280220402,0.00902544370299663,0.0109620716503685,0.00398689953797723,0.00731555952288362,0.0196923803691019,0.00828186900382222,0.0135249370317014,0.00451403384122911,0.00918141054193152,0.00768128533338229,0.0163436094155192,0.0144399411064998,0.01017305081976,0.0271281282103732,0.00340911479412696,0.0115272246378575,0.0232374162839994,0.00888937903535691,0.00929278155891348,0.00778295357031132,0.00891876997202597,0.00703135973361936,0.0114386496322817,0.0111120417815705,0.00722308660197389,0.00973018936620751,0.00487342001256262,0.0093994519266317,0.0127959574426503,0.00410211729138523,0.0126220517847485,0.00373648809657767,0.0217100159730981,0.0125506600767208,0.0104260649198207,0.0123780472839738,0.00642758022180095,0.0033903949488871,0.00992222996082853,0.00230749210468619,0.0298189950575973,0.0113515577339557,0.0326943953921789,0.00628880462299819,0.00709986151587827,0.00580760280797758,0.00691885906783178,0.00562425534676353,0.0106757177038281,0.0104959049667222,0.00251173725430278,0.00474557219407777,0.00998886952502838,0.0278997180128859,0.00427810807312912,0.00493546314070746,0.00623719481795534,0.00699561272088619,0.020144511502488,0.00764436544794437,0.00630340658824295,0.00339230339973588,0.00909768258436594,0.00715425215160139,0.0120693966638648,0.00668649582500229,0.00534411622227798,0.00990545730616171,0.013947905802178,0.0183192202398859,0.0169707925038387,0.00697967016199608,0.00725596860182631,0.0132016870961507,0.0174182865747415,0.00983187708887895,0.00467019218448139,0.00975255333958419,0.0197025138468913,0.0139914696819403,0.00403535065907819,0.00936201419438578,0.00442020640477532,0.0069723511195239,0.016603893914684,0.0045387495908906,0.00105052313242508,0.00366358001312224,0.00427827165172614,0.013618690878769,0.0116020913395524,0.00482459481869635,0.00604922195499097,0.00906444405840673,0.00876351454360687,0.00917121801367018,0.00834688192236133,0.00610317088648286,0.00749975393222339,0.00590963636526828,0.00953040863866918,0.0138984468378948,0.0251154533951709,0.0100159186326672,0.0135256520195384,0.00877011809087253,0.0115280626680101,0.00443194482882522,0.00505203282708041,0.0076149927320094,0.00874843291071107,0.0105568919339573,0.0160098010329923,0.00778141787421495,0.00737910365523185,0.0141215404019365,0.0128167868765725,0.0115164323610472,0.00741251382547655,0.0184026671020424,0.012787167640092,0.00888227078041594,0.00623823057952675,0.00464871614284388,0.0042045308507499,0.00699578864158671,0.0264530960255529,0.00539871013811013,0.0073148574982201,0.0129653587264421,0.0143071413091579,0.0132930738019974,0.00478357967193738,0.0105826661780482,0.00502160423595714,0.0051416280861359,0.00540700340011049,0.00841742479721105,0.00816461443189555,0.00477359669450285,0.00571905111557669,0.0133407428387769,0.0106658625710505,0.0114967504875358,0.0077814622366554,0.00578266925136458,0.00678390658409741,0.00827339156015328,0.0025261362241159,0.00882435301824454,0.00357444972116514,0.00729697179491501,0.0037095803213798,0.00998092835599583,0.0146541330610598,0.0076954348993335,0.00827426477579859,0.00862352589641731,0.0312119019439627,0.0143395947668179,0.0151403331227577,0.0330034442168396,0.0325820067994065,0.0385273318146385,0.00755249901196797,0.0194300023122128,0.0115494823113818,0.00481702679774587,0.0120778243451271,0.0106256052380942,0.00711614227540489,0.00619895214516133,0.00921518942424016,0.00827977386210299,0.00655350934936377,0.0137907284200256,0.0126237650031266,0.0156825530654253,0.0103537115695581,0.00857385708670864,0.00475319925292835,0.00700945851571011,0.0139528122794509,0.0190544752283624,0.00641508629540616,0.00630251985951145,0.0146813755837124,0.00744515507012158,0.00546011926531555,0.0115908492185585,0.013440041528424,0.0102308725040727,0.0109079047176176,0.00934971382778207,0.00722427601175365,0.00667847315315288,0.0163880616945479,0.010993170638115,0.00877647999513751,0.00626730615948941,0.00597131576795612,0.00381313678714967,0.0114613687294621,0.0101653773074063,0.00671257001356107,0.0100150144436289,0.00445477340523561,0.0100060039105704,0.0158459354440394,0.00850915801091536,0.0174869824659479,0.0212282138940174,0.0255233283562499,0.00567505923101201,0.00647007850253091,0.0108099051424149,0.0150833210332784,0.00646484156452983,0.0112094196127243,0.00453597024658375,0.00276113626201728,0.0129637697561563,0.0110881730379498,0.00811517318756888,0.00437231561389299,0.0120997758116076,0.0112985758371526,0.0102801202385658,0.00640713633192554,0.0138742605242666,0.0240829127565433,0.00579967309917697,0.0113505015264871,0.00489871111848655,0.0118699578661209,0.00476321143209812,0.00266215321984912,0.00740873180236862,0.00500430447767604,0.00838711355831993,0.015212895145919,0.0171556674139683,0.0101680316512934,0.0195958748733252,0.00670160642037001,0.00514505709812735,0.0111160146183338,0.0408214445072559,0.010247819937202,0.025095101792405,0.021035162611275,0.0232797719734074,0.0075490645531213,0.0142826552744056,0.00465343010061812,0.0250110022892801,0.0114589427806369,0.00633432995750571,0.0189645790707741,0.00158898266116686,0.00832633743679934,0.0153251279350309,0.00405743822620959,0.00902637841825558,0.00959484832568615,0.00823106984422245,0.00865775602153238,0.010783833418325,0.00981272683749657,0.00448611140313054,0.00853236345520629,0.0173527320193107,0.0149134084788114,0.00380370605884336,0.00645093176195377,0.00687119577552072,0.0107329174355943,0.0108485947331555,0.00884755076667691,0.0076076952185372,0.0120266843104099,0.0125286339916462,0.0131072950124468,0.00775494529942274,0.0122428544326019,0.0182485511228195,0.00608045255963474,0.00720286476171165,0.0120337142470311,0.000892123140942484,0.0124302616701657,0.00748668147890371,0.00923804802602688,0.0119920995608229,0.00925973551249178,0.0160461236623113,0.0255142714552838,0.0114315426890128,0.0044377968479156,0.00981247341089433,0.00810925606442975,0.0229495967766284,0.0116162103585216,0.00988283920196888,0.0102764812979234,0.00497539892109083,0.0130947304464661,0.010797873351122,0.00687082480406191,0.0122135957674718,0.00560472125654691,0.00786678266075436,0.00472055040236269,0.00585466321445743,0.0127411772424338,0.0131738866424387,0.0142298903758215,0.0185421208581573,0.0183801870317141,0.00965361653484505,0.0201727774831243,0.00620396240515325,0.0130675156856044,0.00690065134093443,0.0099286887338836,0.0154394753757829,0.0152902005864745,0.00726537364540066,0.0085344002125007,0.00817080904476501,0.00190405762332679,0.00626455036541951,0.0146156124967379,0.00194594989395674,0.00667172767069131,0.00766963013344544,0.00839527420999479,0.00868098662735549,0.0128713809533922,0.00384188544840532,0.0208732277201958,0.0323294279488716,0.0111858564738777,0.00368927317897716,0.0073792568308431,0.00294816243116552,0.0313474925447609,0.0142504430026194,0.0144779099153731,0.0027180556146291,0.00813437419069243,0.0141543919050562,0.0125734092084474,0.00986600138178719,0.0106263008029261,0.00569585525698102,0.00335531589832873,0.0194182727756287,0.00631661019871965,0.0200873136579619,0.0279865272783889,0.0654216435468738,0.0449761208980418,0.033635345694401,0.0281221549977739,0.0402102882326211,0.0405652565301228,0.0267838972538708,0.025793881715797,0.012758551885305,0.016747351832977,0.0179331941058109,0.00226263903109882,0.00807178689433486,0.00915300019596719,0.00804376881522223,0.0111423449117139,0.00410009073601836,0.0143974461562365,0.0233351149874569,0.0108239684649711,0.00547910274974445,0.01162250167609,0.00700804071266205,0.00351655356945997,0.0161890170803569,0.0140357892859704,0.00716178971534233,0.0129179451821099,0.0043713313497936,0.00505211009827439,0.00537563118263251,0.0106840025415115,0.00571771605361674,0.00507367508806134,0.00781141882396728,0.0114013854245007,0.00417130900037488,0.0085800238978746,0.00721912121411491,0.00528103325524004,0.0141675096208536,0.00870179961420547,0.0125245807067952,0.0159289819935488,0.015055035759219,0.00820517455951828,0.00921451177349388,0.0111082541025591,0.0168249327641567,0.0160454136746213,0.0119907173619008,0.00733208541902952,0.00801942089038693,0.00852175620031775,0.0107805860950441,0.00342464692061047,0.00609327053413824,0.00544673969119525,0.0183187800570653,0.00506144279761532,0.00824365322443551,0.0195223723484296,0.00767190923775973,0.00617099847728118,0.00462417695180177,0.0127219192310416,0.0121746651542234,0.00478723104774115,0.00653228742138007,0.0165514254658619,0.00573446523457388,0.00678378280693894,0.00970238329975875,0.00745981681634213,0.0173482919219844,0.00512786224429612,0.00882646640303049,0.00911907441934756,0.0102112174097025,0.0102775333807082,0.0122989811492152,0.00652953556992122,0.00328813597858011,0.00437905619395882,0.0305967866245858,0.0251209503187917,0.00563977490980137,0.00716714903537265,0.0133423542373373,0.0121712882866278,0.0100235933116729,0.00959136349467428,0.016688836614015,0.00741963917563247,0.00568708212780409,0.00586803124564761,0.00582208608742113,0.0124004310272121,0.00787786013265903,0.00912415692874047,0.0104028540139656,0.00552675349938009,0.0103719685709929,0.00378791119512371,0.0195541833841115,0.0151805702640233,0.00925541573575916,0.0102137851152458,0.0132529793147925,0.0145309794975538,0.00113308536273589,0.0193116033089715,0.00614215582351907,0.00627304754558357,0.00424854528004069,0.00640066828628799,0.00909353501857953,0.00578986828136411,0.00886355571931854,0.00819868256918686,0.0147755297110531,0.00651897660877954,0.00614394929625028,0.0121943080665934,0.0133869873771191,0.00891480351548911,0.0194341066049618,0.00797394389874824,0.0060048582834422,0.0170471786424992,0.00466639282053151,0.00991188005585671,0.0130969772605583,0.00360743949976592,0.00468805445296577,0.013285242989188,0.00927139904585256,0.0117477861978033,0.0147260297157085,0.0131686275984983,0.00693181742749318,0.0153108378312265,0.00915053436240158,0.00170240697037261,0.0127934734736253,0.00288658881187646,0.012174050203787,0.00534700892510974,0.00637300658388958,0.0134495959279494,0.014758871671945,0.026695649663305,0.00822145813737618,0.00385522654037997,0.00492783886581744,0.00719071277626845,0.00290604218377122,0.00871390434940685,0.0095790227669487,0.00503493718112683,0.0060265541873797,0.00462324446301188,0.00492769558655141,0.0143094332561862,0.00858679062204102,0.0100187419505946,0.0103679555695105,0.00703808467233509,0.00581416927919789,0.0130810604366933,0.0110857935166161,0.00895573383160394,0.0168340570883026,0.0140362471057882,0.00862998904544904,0.0147292071197416,0.00599648360121234,0.00215293373914318,0.00816789478632342,0.00968513296018473,0.0190781825404462,0.00780788817748721,0.0122709317070148,0.00920460206302013,0.00656252407716297,0.00950525341355907,0.010270026301874,0.0105940982476656,0.00911381654927094,0.00771460821137454,0.0120996402974442,0.0162586997964332,0.00581129030882873,0.0104437333007001,0.00727240961058943,0.00562114820179919,0.0123299065996312,0.00838402301641552,0.00999714931610949,0.0130828188668871,0.00776524458856964,0.00591035811514582,0.00610565491199903,0.0221361334088952,0.0144287791521301,0.0176090789437948,0.00414196878682999,0.00858784797783109,0.035669781991186,0.0208476495915851,0.021321478393322,0.0127468588919982,0.00835830776414836,0.00444070969521854,0.00896986670495531,0.00880789482251756,0.0126838860071896,0.0122640997323938,0.00878491019646077,0.00460285372297288,0.00752026937507925,0.00593268381449313,0.00769257656207153,0.0109900464942835,0.0106154378158668,0.00415414207853848,0.027842197161908,0.00686550880599153,0.011070864201378,0.014554618117395,0.0101805213841806,0.00764575725298294,0.0104315054636633,0.00849728525656161,0.00452834323870009,0.00564665926455475,0.00585354956482181,0.0136710110350667,0.00444926824725012,0.00284393477589251,0.00466905067966648,0.0029942004818222,0.0145312324285794,0.00708849703588841,0.00577093227445543,0.0037365835644972,0.0231489770838071,0.00920387797023412,0.014081241272478,0.0111457775468963,0.00683106896340815,0.0174652651232245,0.0144602112214704,0.00701652292623419,0.00788270163164354,0.0148826050792726,0.0136711560452951,0.0151602265350216,0.00682783334814639,0.0127665380962852,0.0145724719648269,0.00286395273080627,0.0145791620714177,0.00515558947890367,0.0108653563934468,0.00483933117742437,0.0110597547458089,0.00417825898021305,0.0112548898117636,0.0151132291930061,0.0333521030772688,0.0173645658847687,0.0111621081118236,0.0170534513745638,0.0159659499870479,0.00231660417101176,0.00641850394485732,0.0072540423611099,0.0263101373223535,0.00849137031545816,0.0133763243878354,0.0157208663446022,0.00567396285958616,0.00997898462998877,0.00471343942556426,0.00895030259308941,0.0134196931976567,0.0191641533142324,0.019762655251969,0.011602377333798,0.00597671565918527,0.00434209509719038,0.0156393075394295,0.0041631975629279,0.00720874740025684,0.00752204721571986,0.0154874990301903,0.0201709167345021,0.0112374765735064,0.0195776919180218,0.0210406897412847,0.0195970966255277,0.0107097981334973,0.0108809981304908,0.00728653174246927,0.0422391397211541,0.00541964198537281,0.00428913068610761,0.00574907860595634,0.00375461394613293,0.0131079085739662,0.00937628316749376,0.0130746060211041,0.00604687950644165,0.00679944026806177,0.00930139428421373,0.0111587668252238,0.00427426337304086,0.00619726958618035,0.00685955393788125,0.0112600348050548,0.0127859055537647,0.00521066296305661,0.00990883271850303,0.00807510710151286,0.00966309670234466,0.0144247643494134,0.0182434957985597,0.00884788597248626,0.00317667165032766,0.0070649653788669,0.014367471028602,0.00601319441271936,0.00512376919302232,0.0113535177646524,0.00420475584136785,0.0324137402338618,0.0400471714574645,0.0343984790461352,0.0177519733143781,0.0122503203804124,0.0136020801338158,0.0081616051949403,0.0333301382687909,0.0122449170903256,0.0149109551146264,0.025480292642184,0.0245957499129727,0.036058496358801,0.0444226001468998,0.00975433393932379,0.0105621544370518,0.0141246197830184,0.00473688282203318,0.00747213380693505,0.00575400606821167,0.00734988205144218,0.0183542600679565,0.0128407913063626,0.00792618372729944,0.00293403262923148,0.00653634883442878,0.0166780867518945,0.00858835218560317,0.00759250004742544,0.00521546653550777,0.0119833261381616,0.0163744407138626,0.0112239285413271,0.00639643684064567,0.0224116299757103,0.00882853416171366,0.0183565831807465,0.00699964283061677,0.0103418334739165,0.00384235793184403,0.0033821629652334,0.0256299897379545,0.0097616303314414,0.0125643636306193,0.00536643495150035,0.00704277151855078,0.00725626159782572,0.00651511188364508,0.0126623369394554,0.0348779996647195,0.00337845722848455,0.0150127883163902,0.00830237502097793,0.00801843310638702,0.0085264700580213,0.00822582001551956,0.00657838287311654,0.00660857410724723,0.0147708740730662,0.00954248327391357,0.00747092205416132,0.0102812416610005,0.00731575563904672,0.00447397342246802,0.0137835262316985,0.0108620751574827,0.00572320983744867,0.0127645235251279,0.0107394467948007,0.0060661934162836,0.00610189836228296,0.0139821474442629,0.00988746424012834,0.0105395078592525,0.0168664718034969,0.00795742649384508,0.00775140155619175,0.00631277764332067,0.00774911208006925,0.00677858673689099,0.00299647308129101,0.00562048847471132,0.00508087108563882,0.00634927066169538,0.00371003619163185,0.00389369190370455,0.00555710790369296,0.029531098309542,0.0215955672004664,0.0356123858750781,0.00508594698513881,0.00507018732640321,0.010124452065907,0.0129889099816057,0.00604894738753129,0.00934074198716273,0.0148671129344968,0.0242588465427234,0.0145857969817238,0.0175482449312385,0.0077652860829458,0.0167370187267784,0.0190477198242106,0.0110714311323441,0.00941314468301685,0.0132421485270022,0.007469833196249,0.0099550859572529,0.0148402647798932,0.0200866947852489,0.00638719057086514,0.0112530527101351,0.0136295889291485,0.00681515671090871,0.0043291771226419,0.00408020768307186,0.0135327263068666,0.0108814071264576,0.00912711875135956,0.00350790038472391,0.00587857741478104,0.0126530915732966,0.0103194902852884,0.0131667619551159,0.00810706809251068,0.00855615063455521,0.0020734795809379,0.0111324166556575,0.01589651693782,0.0168765054709062,0.00864059475938306,0.00799958505858909,0.0134536622532611,0.0059686406788904,0.00456077517328396,0.00734794253811475,0.0115436963655935,0.00752968489835589,0.0212818128367965,0.00619009437112374,0.00421172081306429,0.0112290309147482,0.00966854216095962,0.00995262089012239,0.00469447115036866,0.00300087706555787,0.0103849516372935,0.00987591660227446,0.00890071476474056,0.00998081419219789,0.0116043003347613,0.0084453355913951,0.0104531506738542,0.0094624137987774,0.00629513327680731,0.00732172398528315,0.00679842233826061,0.0131723439915668,0.00821775057836144,0.00866996145599178,0.00770057997921223,0.00373434361134833,0.00990648682619229,0.0073452061615382,0.00786957948321138,0.00754450182463832,0.00663378398364928,0.0160790485910249,0.00560091233527675,0.00691664652327514,0.00680127727261774,0.0044985601017626,0.00917988649131307,0.0035619552469463,0.00593587970470864,0.0079031507256143,0.00987367466469489,0.00648781278643708,0.0096123561947162,0.00912535013041867,0.00439985909972738,0.0179021141541073,0.0146445704674226,0.0202426514398936,0.0172467233565898,0.00797657680118611,0.016717930714216,0.0212071234070067,0.0112895111438798,0.0213394972382278,0.0128224286454021,0.00691032097973846,0.00749368511378623,0.00328596386550687,0.00338761874324038,0.00343499585582291,0.011078935582219,0.0147299607714214,0.015323035019294,0.0204521590131234,0.0222985304078865,0.021790323793903,0.0139460458597622,0.0101266534215454,0.0115330492850975,0.00778678067706196,0.0186546856749397,0.0140745415763595,0.0168003005055664,0.017318200452506,0.00392575684555243,0.00465823260273718,0.00759063141806384,0.00808876022886135,0.011256645762883,0.035853712623733,0.0289899318788339,0.00585371685664765,0.011984642223973,0.00803125791808185,0.00357967384521065,0.00496928738965987,0.00254073578240664,0.00430497164127675,0.00710961149927107,0.0235697238180342,0.0133688665211832,0.0115103782598461,0.0128716763740322,0.0310115599131269,0.0387511359527087,0.00920384011865879,0.0251489942558389,0.011578666794501,0.0164137177695038,0.0286929780282041,0.00985058699004908,0.00532095000305266,0.00784096892735238,0.00877603677928116,0.00514075876493399,0.00430212849315339,0.0131774301339294,0.00648215749150301,0.0102587173591792,0.00479706299871565,0.00846554892141965,0.0133722368232889,0.0131248494711249,0.00554059259280965,0.00844613662951086,0.00427902560682752,0.00964114145023875,0.015221724067841,0.00732101886992461,0.00574408097660747,0.00803969212384448,0.00437299725215629,0.00553632121871169,0.00653342016815661,0.0229884560082223,0.00283787341026098,0.00433842962596476,0.0237272039898199,0.00684090772266432,0.00650640767798059,0.00394650641313623,0.00615181479659514,0.0104091081219426,0.0056995490422696,0.00789680743290474,0.0131603923783748,0.0114748470599086,0.00858481089428165,0.00945439480190753,0.00718055047641453,0.00827833485982688,0.00962471069002154,0.0124484991123141,0.00729127684904964,0.011703933697701,0.005362552463088,0.00342238189461791,0.0129326664872698,0.0132600322295313,0.00632996744653005,0.00596732841232039,0.00536838114467521,0.010432670557979,0.0119562387138307,0.00551585447096301,0.00766123301638714,0.00511765572080142,0.0095407893863057,0.0112658606577955,0.00669734633365288,0.00857719585659034,0.00936206631307026,0.0207342304729807,0.00718853027699928,0.0118142797524347,0.00856996121332495,0.00576798980262446,0.025148579320863,0.0153632936386686,0.0029995191096371,0.00615812380467181,0.00671704178350347,0.00929224525443092,0.0124261497243169,0.00865623278273588,0.00427859176296983,0.00565753771899039,0.0170534401454981,0.00452341170587158,0.00600249465709935,0.0105062866433887,0.00446776484753277,0.00481433528358965,0.00750232688193575,0.00873999370564258,0.00480591119070772,0.01041101483315,0.00808728341126719,0.0160692248147493,0.00780741205112504,0.00759902356545448,0.0156155762020373,0.00649690797495622,0.00562444401715279,0.00596726341836712,0.0100014041509006,0.00905401368861395,0.00492170779711889,0.00793652841430751,0.025856156144038,0.0352949677716141,0.0160653538445374,0.0150978206602853,0.00679822497885441,0.0215258308886234,0.0017941915608678,0.011792107212343,0.0106090895800808,0.00467606845545963,0.0177537385248454,0.0132449770121713,0.0133269088606573,0.00852436579933698,0.011897569569333,0.00678517585199103,0.00815609848662456,0.00654105570832642,0.0130789993071747,0.00979910448008451,0.0160946427986477,0.0132186396966729,0.00658181334297801,0.00853686242385425,0.00833044537363231,0.00689002951031054,0.00594115552688743,0.00472790029841811,0.00412513684545266,0.0188034506266563,0.0006618874601651,0.00370422554283904,0.00481131396022183,0.00767613128159613,0.010919922524365,0.0156209608063826,0.0133316341776412,0.00980613841098286,0.0129235108001815,0.00663282852135973,0.0207010509867506,0.00857835254557696,0.00507760946414117,0.0106912187880872,0.0123066821333463,0.00725369983796483,0.00791285082674466,0.00970687060352526,0.00761763656297008,0.00758701116871767,0.0100119017646866,0.021123110864537,0.016043297842984,0.0113024017407305,0.0213568778847243,0.012231480603572,0.0176497552299463,0.0168254506764934,0.00455734024868132,0.00234814760465435,0.00700383327555121,0.00358555414405487,0.00576030730607767,0.012734162907801,0.00840146281366087,0.00940805653092119,0.0162004419739965,0.00942018748611417,0.00639115697358691,0.00734628630041958,0.00533308306400796,0.0244486020776883,0.00648581790336206,0.00482031348723945,0.00946363722874222,0.00797281071994884,0.00759992891466908,0.00542211989380792,0.0078437475277847,0.00408355225010909,0.00793534614044822,0.00618169826559824,0.0130256965265092,0.00621668120563285,0.00947469326403999,0.00542807350512201,0.00884659907802817,0.0096052058106599,0.0178834129602029,0.00288627769243901,0.0108809741410692,0.00311379869507307,0.0127101808040716,0.00488653937312775,0.00493586517172726,0.00598221224236893,0.0117254311962734,0.0105817717510405,0.0106226935232205,0.00723342898353961,0.012693792895166,0.0200641879635531,0.00223868470374638,0.00433773957950355,0.00899118992211173,0.0123006864745494,0.00592326268456728,0.00791080188881064,0.00379031990082923,0.00421445822487424,0.00895983435431582,0.0162074831728888,0.00867756127929516,0.00682157731861303,0.00958713985829908,0.01714016369891,0.0137445561972882,0.0121810768831741,0.0234556251932027,0.013749247707152,0.00987324014742522,0.00762434716728466,0.011328555785107,0.00555052323055895,0.00271042944793683,0.0114642401258159,0.00406563140162057,0.0230516110282317,0.0152841353667632,0.0100993891453194,0.0165705965840317,0.00603085940312006,0.00842093958678874,0.016215274156753,0.0121685736287933,0.00776353322202248,0.0185822448125298,0.00637536944427142,0.00461182086740062,0.00853886871448441,0.00849684709093849,0.00815724519754831,0.00788820244021706,0.0179452839192492,0.00501455985007164,0.00631391701093827,0.0111673115278673,0.00828936325218754,0.00793622443178517,0.00414804088811373,0.00285356558440147,0.00233601377713579,0.00525854355058641,0.0154939827650363,0.00250296857433143,0.0249666540244926,0.00518408514004132,0.00982410175023849,0.00724497058608261,0.00611517171850284,0.0079908849305681,0.00560470501667169,0.00436601214119816,0.00857737730655504,0.0131187076979178,0.00262422951748642,0.00153452544705751,0.0145704207638635,0.00565573236999267,0.0133801330687047,0.0182694191700568,0.0144560106277532,0.0069805546158469,0.0236944662270607,0.00563333966129831,0.00935481009882392,0.00537846215701213,0.00659262820364072,0.00632234568910125,0.0172594605287011,0.00600335666191528,0.0138938111121655,0.00855966040915418,0.0028091875748439,0.00885202647991717,0.00828019365108286,0.0103978017676679,0.00815614002478728,0.0043971198572151,0.00831331953334885,0.0078310251577847,0.00826366796619549,0.00402213116094337,0.0161334783853969,0.0147637119444592,0.00924545699808917,0.0143349143923489,0.0286389350465143,0.0102145616677698,0.00813449175286159,0.0108962494236818,0.0207838127418355,0.00572428252602068,0.00785131432586946,0.0167924885687742,0.00176466150188242,0.00605692171255961,0.00743688326021104,0.0136895549916384,0.00761647784243312,0.0122145756679587,0.00752921121796137,0.00873637025917001,0.0124988377753997,0.00785438604944542,0.00480873449839544,0.00393398583413808,0.00501470219654735,0.0105510773631526,0.00745725577892355,0.00770836626141275,0.0207540533599106,0.00784386877330367,0.0181277063170529,0.00758139938725313,0.00350133285253956,0.00670997678678955,0.015071019285388,0.01074246375641,0.00256154900098691,0.00922611825295416,0.00769922773164824,0.00851381933707429,0.0191193433427877,0.0131797223754601,0.0125303969220502,0.0172587266047233,0.0149558163277002,0.00869169301302599,0.0205554063198669,0.00277178301110379,0.0155923228240755,0.0143549204887323,0.0184590415076986,0.0054297266650884,0.0128922191299851,0.0133895104404017,0.0102862938106207,0.015407038904206,0.00514955902167415,0.00553193203623709,0.0124099756296549,0.00854871346479931,0.00863261012938232,0.00774419540020569,0.00316657187737775,0.00540463793918664,0.0115044263689059,0.00516731809417931,0.0182802958451232,0.0154367712142042,0.00687600712634712,0.00923828958691122,0.0101965998742333,0.0113779017662142,0.00692677044333381,0.00350184821535521,0.0107901598609611,0.00809971706917923,0.0123314587359422,0.00758845551384411,0.0197632727072196,0.0102640197986904,0.0252085150961485,0.00673322876733151,0.00188116649451542,0.00721824197930676,0.00588253026260394,0.013909438964737,0.0281073167995334,0.00656725669576328,0.0098687136700919,0.0151659628623282,0.00414105951417696,0.0045709155369197,0.00602264869302075,0.00891720098122182,0.00885669725122259,0.00787163380288852,0.00853834311589531,0.00398269894066894,0.00747603172494663,0.012126115385797,0.00862291923312456,0.00367849253306013,0.0434803318253751,0.0170212289871769,0.029929610650133,0.0153180529702173,0.00490100792229198,0.00630708052146774,0.00691541503367114,0.00521778120273482,0.00578846171194987,0.00641311525115138,0.00971217571207698,0.00239539609378227,0.00746166893918889,0.00496294554812685,0.0044222505708336,0.00638582257865838,0.0194928488350781,0.0096707455597541,0.0033249231469298,0.0200027076524755,0.0237397487665839,0.00912862757995995,0.00832597605411687,0.0109973258562407,0.0106608262804058,0.00537149267362574,0.013628798372944,0.0100972000845826,0.0065413098457355,0.0054388460519782,0.00588709596331495,0.0126011956544155,0.00513375080770565,0.010115039744097,0.00470591602971819,0.0086131501928286,0.010151983409534,0.0182880622982028,0.0137863892814284,0.00686187187846708,0.00423480449951547,0.0108470798278206,0.00307429517647806,0.00512718839420073,0.00558827958290868,0.00506197391064395,0.00963946375735442,0.0697366922162679,0.0115737806263039,0.00521082625074345,0.0115407329768484,0.00879987925796005,0.00986898353511482,0.0107499115026213,0.0074964233271438,0.00896195845403223,0.0123981052541042,0.010282839314564,0.0143516459296359,0.00833459976687495,0.00977614877198385,0.00736013946844799,0.00917941164377258,0.00338410928851329,0.0213151655108475,0.010644473058809,0.00414808422032024,0.0188218283953619,0.0152842255413741,0.0102960899481177,0.00766340487350424,0.00970905145004738,0.00482085042325888,0.00931889138704066,0.00953117741393036,0.0099367419582488,0.00235698971783545,0.00549073149578757,0.00352677664154444,0.00931777281138565,0.00706210250130322,0.00630225056912705,0.0168726471879047,0.00777914912640054,0.020363859232403,0.0103991501192372,0.0139370859409073,0.00575423839593682,0.00337444935174908,0.00244657584167109,0.00191409807012962,0.0121312210968953,0.0140540001917364,0.016850833519703,0.0133992601093326,0.00484664893308817,0.0118421394241925,0.0464304746879399,0.00962783843623573,0.00203986172621802,0.00790477849516859,0.00360550521864306,0.00595835859213865,0.00896606272407156,0.00411817524001342,0.0116128110296348,0.00640746883177185,0.00419338848995064,0.00613640452634912,0.0113965691152314,0.0032978049952083,0.0160738705612202,0.00885254916002446,0.0130048052623125,0.00337067010181236,0.0219239165182267,0.00574737548762403,0.0125057549902099,0.00544124170860873,0.00505950920935057,0.0100899098893475,0.00539310706780738,0.0119861423838111,0.005598492014764,0.0133271480719205,0.0201682423026702,0.00847854288633598,0.0061632067257628,0.0138298327283751,0.00457337157120184,0.00965916183217227,0.005793444495578,0.00658942773515986,0.00620092882707239,0.0105419954267276,0.0153645384452943,0.0075897740467741,0.0138120024749723,0.0160413455171239,0.00234047697348042,0.00675988132639077,0.0101374871285161,0.011664480118855,0.00895549292822388,0.00826545919643418,0.0131942275319324,0.00435974528809387,0.0202022218453078,0.00395506635816759,0.0071347154016234,0.00284732353820335,0.00799902939671025,0.0057607235921755,0.0114204782050986,0.0069222042103065,0.0135940503827901,0.00661257891662529,0.00483979752340595,0.00707143012689402,0.00481143363560923,0.011177983949598,0.010308707953681,0.00914886065334044,0.00918070331290792,0.00400648161154415,0.00265262065907719,0.0055151791612868,0.00992399023098319,0.0141915310477128,0.00584018599107622,0.00540962464445099,0.00605693840533851,0.0138120229286693,0.0059251482077618,0.00668182129913373,0.0100100978525834,0.00399635961723292,0.00639834922018534,0.005016035734951,0.00192881092724034,0.0078247317724605,0.0132873021202187,0.00578017889038492,0.00667870734799951,0.0097216809615193,0.00966942499094638,0.0050721267779026,0.0132824028281873,0.0128695449661618,0.00981308235707577,0.00582941196090671,0.00612548856780946,0.00452815058197683,0.00953994181220548,0.00296846926504947,0.012760218879566,0.00404243382255709,0.00564315702854321,0.00663189109534446,0.0105566031224083,0.00759839906412389,0.0092804829944837,0.00696497814605879,0.0132924172241515,0.00506749065998075,0.0162397103741484,0.0081541814007796,0.0162112012577325,0.00812321159627377,0.00442330722881912,0.0102405276943405,0.00770233455778853,0.00658650748769844,0.00554486012712557,0.00363506952113655,0.00823296159137647,0.00830204846859904,0.0195817298784736,0.00628624477558463,0.00720073196848882,0.0185218224402812,0.0109795113332794,0.001688741418574,0.00530791876426885,0.00915774211410109,0.0146166201715524,0.011737040632227,0.00668421255604971,0.00761835847615303,0.00867391999561751,0.0107382063091919,0.0116741363217413,0.013490184673368,0.00967511962624914,0.00343807932560863,0.0146904603199961,0.0109960788381352,0.0111764356489431,0.00995910426185537,0.00873932982150792,0.00861900627763024,0.00719832846989939,0.00627161556983517,0.0135780732078967,0.00689445442739369,0.00830936573200652,0.00538432541593209,0.00852746435973772,0.010576547025724,0.0116730361613116,0.00508490117286372,0.00527215646326138,0.00974282432212039,0.00302553667827415,0.00182961571759468,0.0027190798265345,0.00603195175208832,0.00556214885147706,0.0213879341291501,0.00523070403720516,0.0191007200575872,0.00821985547299916,0.0114523146193958,0.0102810287829006,0.00649855320054556,0.00989186730962934,0.0142344604130298,0.01857474209431,0.00916356270647284,0.0101079668033795,0.00367081065036817,0.0181266973964081,0.00930420727522228,0.00642317557002189,0.00639819994783932,0.00412910412885364,0.00631775594449296,0.00508231808247504,0.00423885071513737,0.0065276563242773,0.015604092911561,0.00543715276810366,0.00466069824510516,0.00600996107069918,0.00813265356473368,0.00940680947070414,0.0381974685961883,0.0153180957004317,0.0149482172696999,0.0164676533236231,0.0150314556102541,0.00612062066851181,0.0218904970511704,0.0118724040150728,0.00547274335111808,0.00992301278865186,0.00342113190341144,0.0218293957616449,0.00696612732195317,0.00273203665659962,0.00770160099602428,0.00660567832094539,0.0154626355078293,0.00880179395154588,0.0127481621463299,0.00458096594488535,0.00363336257695908,0.00356779583267771,0.00464015350984644,0.00504298477387049,0.0135655106842757,0.0134206701273435,0.00994533914564464,0.00587072861641771,0.00791531658027835,0.00995345577993556,0.00455927533403006,0.0052366756891396,0.00538844906269242,0.0159285495050313,0.0102340931220519,0.00630887434841443,0.00821747941954213,0.0101154682199499,0.00259027500274874,0.018820125237883,0.00571668328273426,0.0228181760117282,0.00849363550704674,0.0120631012133343,0.00434835017520021,0.0164924837647688,0.00805332825715682,0.00750005383191356,0.0210207847238859,0.00637051138592498,0.00921296094877925,0.00394348338948832,0.00993653916977966,0.0061911643880395,0.00411263004778469,0.0297206154798934,0.0146485403586946,0.00640037988597099,0.0156360094604749,0.00964854715967161,0.0112420217116521,0.00522183233716191,0.0115644377887056,0.00684888575706216,0.0335298259281684,0.0151521275915039,0.0117902375987829,0.00839885235859307,0.00715650795674117,0.00649297610365757,0.007791167403565,0.0161185077389948,0.00821023334202177,0.0145753783062826,0.0139359135654198,0.00875448866315657,0.00710862967729364,0.023009714354893,0.0031552087532839,0.00544062432729808,0.00613250478697314,0.00278604411491864,0.0123390006501005,0.0174111630378693,0.00162534492511653,0.00913615334975676,0.0118223997569423,0.0142136136595754,0.00853241685098647,0.00681201464111168,0.00578020946952523,0.00940130445653074,0.0209625541897473,0.0151035091623677,0.00635852640298068,0.0140051948862332,0.0116431899901979,0.0103149451374179,0.0124149291075072,0.0134008282704274,0.00962986311225533,0.0106864883228033,0.00516488483142646,0.00670013174354878,0.00723932954142165,0.00619496528355375,0.0072965760410531,0.0103825275786059,0.00441118727115436,0.00305371799071437,0.0161196521368987,0.0445081728277217,0.0591633000668455,0.0320125290387447,0.0292734518541608,0.0258044231496133,0.0329241231308733,0.0222611046531536,0.049976547441379,0.0223220469617606,0.00985527856536084,0.0108743246861413,0.0025391657175873,0.00621962645749846,0.00813929389938841,0.00989915367688327,0.0188467728096009,0.0101952908446885,0.0238794336017086,0.0109576189781703,0.0120639024513464,0.00435675555435118,0.00994724610281176,0.00574871370060874,0.0131029761468755,0.0176539778633084,0.0105824626936946,0.0206020673355101,0.0203945266743101,0.00529294625706713,0.0235026995017169,0.0061871540321609,0.00384063419602228,0.00846750854968096,0.00212624562586916,0.0122458404221446,0.0066984187966696,0.00760185859807466,0.00746969575349945,0.015422877420589,0.0140070790358379,0.00886049071050747,0.00502576403364291,0.00261697591162211,0.00844131033511556,0.0256089256355738,0.0154413154734901,0.0129692770093897,0.0255862366292805,0.00403802382954434,0.00797768532631347,0.00574612417065729,0.00679652434416498,0.00219994739466752,0.0102246676804305,0.00910054885996849,0.0103614495205143,0.0118556675136483,0.0103794936388005,0.0121636806127346,0.00665549481958122,0.00322543162425211,0.00877546657778159,0.0105851595229903,0.00832751216565708,0.0150429694677794,0.0142979732814991,0.00667783178389488,0.013760589227465,0.00800300846380418,0.00313306644349143,0.0073241386741793,0.00437379050397887,0.00442998171179358,0.0038420023456045,0.00923683359275116,0.015338509199903,0.00478891718210461,0.0085091705547401,0.00844096837651165,0.00171818116029911,0.00307002004342438,0.00660095968959808,0.00902228458602271,0.012847832072059,0.017577585609643,0.022517023019845,0.0369339302584717,0.0159580613515858,0.00892728475834416,0.010833550564569,0.00506003540275155,0.0145107329245729,0.00744487352013871,0.0108275059102575,0.00992399292817237,0.00628931548544814,0.0120527223190834,0.0114321939399127,0.00587698774010514,0.00776821358483302,0.00465423586907437,0.00580468114006681,0.0108530909766774,0.0122657917424102,0.00342368832005224,0.00857934950183629,0.00982308611482286,0.00697211041678203,0.00504986344663209,0.00867134433972618,0.00619057059425767,0.0142881060964693,0.0114260855983481,0.00564853244132,0.00826549340213301,0.0268577785359317,0.00496028283794077,0.0244744568903439,0.0172650258061971,0.00973016417191134,0.0091610505143455,0.00487670420754803,0.00957976127327716,0.00703317183384992,0.0096343782775058,0.0058568695057975,0.0126788128991332,0.00957841644126206,0.0111669803590086,0.014229728908481,0.0123963026111846,0.00967474435399159,0.00893583114064756,0.00624810693078048,0.0115061546889703,0.0290245825793555,0.0225632858269988,0.0102393883744612,0.0125201060837937,0.00643704073600056,0.0123786478860582,0.0108007104741197,0.00843760656962617,0.00606279462140132,0.00585992598433046,0.00442921883069321,0.00675414503732165,0.00856109432052919,0.0132195152911202,0.0145098623624436,0.00874753282710959,0.00768727552889065,0.00277660696930918,0.018791518431387,0.00595998427524295,0.00933329002544605,0.0104449268424134,0.0126074268594961,0.011016691899087,0.0125775182521031,0.00562354555038201,0.00614087614845993,0.00624414139194213,0.0084852393860547,0.01355040385923,0.00776251393610459,0.00732845351779066,0.0038163808525317,0.00627243418483588,0.0154726496040373,0.0155100812053027,0.00784778829445091,0.00495469743668481,0.0215876562619547,0.00907312270142735,0.00652823717023504,0.0147929474843723,0.00583685778508197,0.00454675382931672,0.00640365224748083,0.00864199452618179,0.0101592306818856,0.0213411974997251,0.0176898398720892,0.0146843479068008,0.00137428223643023,0.00943213089142803,0.0125600931065512,0.00393649885139591,0.00525711379501885,0.0158360885340359,0.0183596422368955,0.0170834116455018,0.00698729320770221,0.0116549519163926,0.00831580724408702,0.00567259547907295,0.0142615869343148,0.013153174724048,0.0110675753346686,0.0123009508782203,0.00851773113268878,0.00717882453177969,0.00477519195602856,0.0101939710275158,0.00865431803349098,0.0019566020213103,0.00595633672309929,0.00568852685925131,0.00630133209992247,0.0111800032060267,0.00682338441241616,0.00326651615699031,0.0222246764276539,0.0067054704955646,0.0151921566540829,0.00566062812037989,0.00430473497348235,0.0124149601770953,0.0055361296522395,0.0045307197372629,0.0151364001048358,0.0114130211328796,0.0104882720172936,0.0129493067470102,0.0157765948514679,0.00865324042749142,0.0371269929760466,0.056091708321786,0.0250294567240654,0.00819612194957929,0.0101215018733335,0.0101929197563643,0.0164923324332445,0.00507707382352464,0.0105801139453426,0.0101820509636491,0.0103051562996142,0.0114014928782979,0.0111084194626646,0.00507217444308981,0.00314964570112584,0.00923481447199528,0.0165728498780418,0.0103113677619727,0.014673653425808,0.0199945986074565,0.0170629683231197,0.0147744682692601,0.00299418760395481,0.0036976920029194,0.00424882926555409,0.00726733412903578,0.0129823717067155,0.0112279424858793,0.00578036097532597,0.00496380460884451,0.00923324121213613,0.00794112721996632,0.0031853830041582,0.0189942882448055,0.016443932189506,0.00634941227372584,0.0136724606382453,0.00832826703111515,0.0039326661620052,0.0131645235940278,0.0123973206603657,0.00525540274057729,0.0090963273247787,0.0033359273519231,0.00631616968526494,0.0103827478427806,0.00717347746481079,0.00346730259530063,0.00258487318493772,0.0158426458061075,0.00612406006096413,0.0113074595890239,0.00588701476808786,0.0108911660148896,0.00985916225606239,0.0349449788845525,0.0271933470135125,0.017184647414594,0.00605339313993532,0.0108141183605928,0.00314714417197615,0.0094141072353696,0.0120597413894925,0.0106394460907046,0.018804695516341,0.0114027360503685,0.0049417092831866,0.0105784826151829,0.00642829651366985,0.00735739198195238,0.00610755444005504,0.0139252882179609,0.0117101984374893,0.0166261401815889,0.00555701606480881,0.017525207301506,0.00995514023112058,0.0069256976327983,0.0165643754158759,0.0206714320377221,0.00885304471982549,0.00742025408681777,0.0100576263916397,0.0123582465972354,0.017042447592697,0.00746906726857122,0.00363778004740469,0.00812999445151436,0.0120521962859107,0.0117747621364251,0.0157658725901654,0.00902175433059693,0.0108872383814016,0.0149895194357228,0.0115476985321616,0.00412028234325943,0.00520522929904168,0.00285612427543647,0.01187634981507,0.0105087158005574,0.0110459078853424,0.00834196613719052,0.00709630805695718,0.0106626421309626,0.0113018454949709,0.019107667241842,0.0104740229111457,0.0127494741139849,0.0158102086537659,0.0121535437364276,0.00830250633269682,0.00624243679347023,0.00454186402997288,0.00422405795370055,0.00622087332980879,0.00827419943823212,0.00593433094851697,0.00325056573655734,0.00877027949778329,0.00396542723288866,0.0129159843466602,0.00426305016581942,0.00210727008326457,0.00603816677747832,0.00979733386249495,0.0109716743111685,0.00611054674683803,0.00887860594099266,0.0130937099811515,0.00808736797731676,0.0103134015684348,0.0180022468483922,0.0303728362951598,0.0227886640664036,0.00840971603174438,0.00943443958164449,0.00800741878370507,0.00598761218279389,0.00963056448288167,0.00562759115314678,0.0141754101996126,0.0183435502618955,0.0122738314921091,0.0154230252652641,0.00511832084545664,0.0089126590365616,0.0089580816130135,0.00418025036246685,0.0064542751858677,0.00991431498410802,0.0156025669355237,0.00739147241967447,0.0120743361735893,0.00486018458077978,0.0176819426209298,0.0130700732669904,0.0150005828344123,0.0075112112981578,0.00847400692457447,0.00329085002308867,0.00603329630200979,0.00497395921318032,0.00599573429628046,0.0116453754782448,0.0156506687944346,0.00620939985697572,0.0081923484467548,0.0168918006752947,0.0102580693212283,0.00663370228511773,0.0124674008595291,0.0113726005806207,0.00810505608977867,0.00950085136949099,0.0154877520120522,0.00732438204801707,0.0098428094186568,0.0101639433579321,0.00519510709613236,0.0152797835270774,0.0119624674409598,0.00432643603985276,0.0116154389348914,0.00899131333720491,0.00816522849097012,0.00895803085152203,0.00569149786090817,0.0103528250490026,0.00353337476500704,0.00235472983018938,0.000950342117842025,0.0053429330697544,0.0105800293117572,0.0147712378994657,0.0123953739091338,0.0132831187396636,0.0135684568348329,0.00542965919132541,0.00841394607310814,0.014396792109689,0.0122684439272554,0.00351679166351434,0.00892784566677561,0.0128789056082013,0.00262332414115285,0.0251686232996369,0.0110337195942039,0.01439992286893,0.0228901911873026,0.00926055882187632,0.00539835014078388,0.00791438665079027,0.00769594183490393,0.0120119300248168,0.00556121439631257,0.00794124531567788,0.00938155499928313,0.0101007226571787,0.00896762752332336,0.00580774174528837,0.00323081718457128,0.00594480382007358,0.00828015102240043,0.0089956675274554,0.00477340566891465,0.00947744487044716,0.0185347574750447,0.00755298480366791,0.00561902361582017,0.0106176355212186,0.0123189376661065,0.00518801261577334,0.0148907689502607,0.0123688330291568,0.00313110245908118,0.0128431341147967,0.00337436900127575,0.00632255532193743,0.014298932397449,0.0241735436919906,0.00859613430263756,0.0137163961573928,0.00653320357774234,0.00426745207465455,0.00697065910233285,0.00362594809428044,0.0177287012034802,0.00719518502872305,0.00605958857716645,0.00805155803517608,0.010055324185284,0.00938381653848184,0.00441569726595525,0.00488591366557041,0.00684348620707144,0.00470423239680081,0.0053320037502161,0.0108662408852352,0.0179272975586461,0.00815109981293638,0.00380751162224742,0.00539476836305029,0.0141912018424318,0.0127376776845042,0.0190341948717742,0.00752372261200057,0.0179828716120036,0.00294014538027985,0.0154738716442419,0.0216738420800675,0.0269887560459562,0.0359632223153562,0.00938692067686838,0.0217180142081683,0.00335202391099872,0.0175129335317372,0.00893708353306224,0.00702307703268823,0.00709052316056337,0.0149742055923818,0.0140198380844438,0.0158481062315727,0.00478435792784883,0.0123827775365234,0.0110555625350873,0.00922727211951803,0.00717384884530512,0.00225248666564345,0.00956005417548247,0.0079405131629303,0.0153086560560541,0.0044621671477853,0.00820026572740285,0.0122229593886486,0.00809176070488136,0.0149695442031082,0.004834845701459,0.00419806045423541,0.00615601744724687,0.0184847854234825,0.00919230040291003,0.0129562823634935,0.00282421113558967,0.00848037762449958,0.00473667512208178,0.00582404309822426,0.00485677693599947,0.00497170883433457,0.0155919964698193,0.00844455480523497,0.00709037166070929,0.00952517031952434,0.00790331560233387,0.0165972242272055,0.00697851057998629,0.00694075444285945,0.0139009707446356,0.00435934130774473,0.00491841951544973,0.013653924286549,0.0125946505296922,0.00614169670031441,0.00852454175495543,0.00501614957007309,0.0218862655135939,0.0225968417602892,0.00496402288807835,0.00330956277938665,0.00700379632112112,0.00491981938279973,0.00769570274551664,0.00463806056991621,0.00751139341270181,0.00830874621047053,0.00252796624200902,0.00869587198813554,0.00754151875429859,0.00490797390195456,0.0121178803464834,0.0102866697102804,0.00783548916241086,0.00413572246805616,0.00393159647932584,0.00766233927058907,0.0110714400932393,0.00779858887357639,0.00531804214437411,0.00559693348484351,0.0162289960608752,0.00526758595898613,0.0109442016145579,0.00928424822854275,0.00901420008178674,0.0105922749865912,0.0116515875697731,0.00626888419094529,0.00489901549459121,0.0129616385064483,0.00306162670466844,0.00831933689394798,0.00878501566606745,0.0125545243364845,0.00727885730226389,0.0158137181693037,0.0138014907327991,0.0141448786700303,0.00680461478468236,0.00830320054563708,0.0169984721977367,0.00494517221575622,0.00670701479194127,0.00708449541036029,0.00592059257154378,0.014445074071961,0.00722949667872032,0.0154732450758423,0.00597704228835516,0.00815789104837293,0.00941911682516592,0.00246692620344939,0.0063478352856395,0.014737781341771,0.0189793035759534,0.00856499067693373,0.0101540001141035,0.01177670396368,0.005866883084191,0.00441517579813366,0.0106866690298864,0.0118559094277035,0.00548849061538104,0.0113407225298015,0.00655792251907463,0.00793168427780448,0.00605524627005481,0.0196331037322848,0.0149767622782618,0.00455535801844942,0.00544760906960747,0.00497093669851719,0.00441770076252159,0.00500265016378567,0.00363859847060292,0.00815479379231247,0.0114018100567549,0.00556996820591429,0.0145909624607202,0.0166481460292553,0.0126332465499337,0.011871293736791,0.00801639218491038,0.00465716151920579,0.0274414586350876,0.0100788519051807,0.00944375506419918,0.00719514759590443,0.00923753076749725,0.00971285728493099,0.00901022565116344,0.00848460606444982,0.0251785641396108,0.0147560813226332,0.0100604401776871,0.00501867391344154,0.00840424775469721,0.00978008462426827,0.0154165612029124,0.0226727686547771,0.0121249196193311,0.0140143021026108,0.0127931980958222,0.00482937149443722,0.00725935750552324,0.00252639480460135,0.00634864351379074,0.00822689032001435,0.00642134989629223,0.0118483790150314,0.00807424309815785,0.00570431176911512,0.0108215484610371,0.0116289856908681,0.0165809402808177,0.00520549642825419,0.0174420542338346,0.00639591173041859,0.00398653362581712,0.0100886371776127,0.00905486638660776,0.00601784046181196,0.00690645883793147,0.00466485328208373,0.00719697438429425,0.00503173346782676,0.017885487691768,0.010470082259066,0.0101686696684173,0.00577250890430385,0.00888953156688578,0.00851848204101743,0.00724402639838567,0.00921463561943011,0.0155259876759996,0.00501311087457294,0.0161075398874098,0.00706931866514595,0.0129829196033657,0.00476904589951895,0.00908680196024086,0.00469547091609786,0.0101995606186618,0.020633083961262,0.00962353845300395,0.0129267091539434,0.00918848664224871,0.00786749836195834,0.0102697025565954,0.00456796505137251,0.0057430005617903,0.0277724001765099,0.050006730943581,0.009407828593778,0.00282211804574428,0.00348238137280893,0.00569222524707443,0.00521975011400383,0.0077038868484471,0.00511866068839432,0.010295725686884,0.00492507947627052,0.00997919416992984,0.0145505446652375,0.0108683672221346,0.0067315055417716,0.0146110068820427,0.00421209964031337,0.0070172274861154,0.0138194234953043,0.0102331082245779,0.00441358600590365,0.0102721297083423,0.0119957106994507,0.014813004273329,0.0154224373174298,0.00903748750247609,0.0103809101026726,0.0092142039344524,0.0104302044176184,0.0101413631922962,0.011639412874551,0.00562740037164209,0.00510594536164723,0.00541386670328866,0.010834355392392,0.0200980676537694,0.00943435023103232,0.006065954850481,0.0155675295834032,0.0183519987087144,0.0146800110633775,0.00319955479290359,0.0160751499277047,0.00646281649729835,0.00499296956923099,0.0198356930047207,0.00839621150320335,0.013210325172624,0.0166651181306154,0.00767607663406692,0.00761540381289362,0.0053388973897646,0.00964761355506373,0.00572002173452324,0.0147336472996614,0.00817394850333105,0.0160045974222396,0.00490561621621455,0.0132839601871944,0.0132042050281915,0.00853899649871707,0.00301439567148389,0.013754444151398,0.0101501581853673,0.0145852596640792,0.00308600279077146,0.0102574267968888,0.0146218480696072,0.0053517484225164,0.0138853662837209,0.00380098481824189,0.00407701379808669,0.0049279705973426,0.00338391151078164,0.0322135403934867,0.0159665310937435,0.00614264396586371,0.00348492487857192,0.0150816548627444,0.0113138201660419,0.010868399721103,0.0186725669839485,0.0105265221743738,0.0109330548962532,0.0357730186139423,0.00991849981412849,0.0107437264803948,0.0080906135337939,0.00405199578162913,0.00649896882092647,0.0196466889251526,0.0130450320992965,0.0150712713260338,0.010584227409686,0.00264350635576967,0.00461558055065716,0.00400167931163307,0.0149399870118512,0.0212809375800481,0.00600472255602989,0.0104428792242087,0.00448172121032344,0.00505843590904551,0.00427166075464299,0.00532336364985651,0.00880611620977602,0.0207596065108134,0.0140573706327539,0.00477678343516528,0.0050253012325255,0.0117066880503423,0.01617228480073,0.00497707792773291,0.0058998515837563,0.027224088208743,0.0083430961328134,0.0124736610573962,0.0114796879431091,0.00931145069206046,0.00914866309338073,0.00482954106965172,0.00492914949288598,0.0242324010722811,0.0232547617783221,0.0151164132223456,0.00661265797711145,0.0136743392550712,0.010968466334814,0.0040561778335186,0.00429027865068475,0.00776919899919156,0.0197025720584362,0.0145129816640164,0.0122743399705497,0.00446592986618845,0.00906188938909404,0.0284628240343063,0.0136088676985974,0.00940446911999467,0.0063981002840345,0.0136737599420388,0.0151685834155467,0.00440041482884816,0.00368599295218023,0.00916713837862708,0.0109283451563816,0.010166605383851,0.00638552048584634,0.00679656831223232,0.0112961227528784,0.0101770025159446,0.010578460933441,0.0117173809199328,0.00666467778215344,0.00986052932715344,0.00493509781809927,0.00914792250143726,0.0116079136582013,0.00659712423528697,0.00473372474633706,0.0221811885156395,0.00792100449834414,0.0110187527107986,0.00550886372559232,0.00782822801370583,0.0125943182582,0.00373385062632311,0.00613010861125685,0.0091415150560827,0.0156757635311543,0.0203187491387849,0.0105228242606296,0.00624872867833687,0.00651141936767208,0.00947738055143292,0.0116686662933406,0.00872939982558959,0.016742990716932,0.0122088290768334,0.00765046795492338,0.00866077215395167,0.0288505018046418,0.00592397359479913,0.0152630953274563,0.00340554464693889,0.00318541136979097,0.00133659072018714,0.0080289843150819,0.0185873977340849,0.0108908601624384,0.00757536199780786,0.00738039801722449,0.0110932755911648,0.00438034340570807,0.00353741757747961,0.0103648785653758,0.00511042669247667,0.00475514040133446,0.00125859554889879,0.00632369231634452,0.00551341927942391,0.00583688818417122,0.0121381318492825,0.0159483109770999,0.0173435143605925,0.0105203464463572,0.00682509721184828,0.00741967419753892,0.0181994361937687,0.0064369681874887,0.0114531149616408,0.00786374416868478,0.00759719984967602,0.0125679569085673,0.0132233691603999,0.0167162320301416,0.00440800138599695,0.00721830555652912,0.00819217486369267,0.0210339645078283,0.015719934909672,0.00964059891191107,0.0141795226529031,0.0070495007474534,0.00354141656185808,0.00837043009158419,0.00853845448495229,0.00495253379940674,0.00415258906465936,0.00773159811847311,0.0230779514123653,0.0236048548335108,0.00721571607505456,0.014900485693551,0.0070025758675993,0.012995841138513,0.0098654868744781,0.0131432832474248,0.00974406923932741,0.00276672187928911,0.00918379084694622,0.00579954815047197,0.00534134711945715,0.00735132903726678,0.00615144156665561,0.00803129041262971,0.0111235167337057,0.00778003755849684,0.00861306012640215,0.015297415864304,0.00756486010631929,0.00841656810795149,0.0144405812291912,0.0178028272820012,0.0035910288533932,0.0051937996023654,0.00829348357312458,0.0082646900209161,0.00591521313662754,0.00542308780762028,0.00571339115077864,0.0155580432743097,0.00624460417956992,0.00623049689756503,0.00793911682333424,0.00887004970570547,0.0166593585253117,0.0271941881741408,0.023816638368786,0.0253846942593654,0.00952757712090206
